# Fix print output for fix def1
-5.58043589222351e-16 0.00651309063779425 2983321160.17708
0.000499999999999347 0.0366705931249931 7654327763.4492
0.000999999999999476 0.0646948250457804 12012769930.0082
0.00149999999999938 0.0955201668389887 16818060124.1926
0.00199999999999951 0.121838848642094 20929620454.1884
0.00249999999999942 0.150369395060429 25369005710.0304
0.00299999999999943 0.17716480261829 29545756458.1912
0.00349999999999945 0.206678387825824 34180590727.816
0.00399999999999936 0.23312998490911 38308308960.6872
0.00449999999999948 0.261928676545545 42819830648.473
0.00499999999999939 0.287796451476389 46880082287.9516
0.00549999999999952 0.316425893173272 51393908433.203
0.00599999999999942 0.342780244025931 55507201593.9842
0.00649999999999955 0.369712483159357 59747593167.2005
0.00699999999999946 0.396903549572205 64042573913.0378
0.00749999999999936 0.424691940360924 68427334305.8715
0.00799999999999949 0.452479097594937 72802695059.323
0.0084999999999994 0.478976011508704 76992091278.3473
0.00899999999999953 0.507390692272208 81480947801.3329
0.00949999999999943 0.532584064638663 85445025279.5131
0.00999999999999934 0.561500461608163 90039463208.0366
0.0104999999999995 0.58738052256319 94155904080.0995
0.0109999999999994 0.615398213790789 98601395406.5305
0.0114999999999995 0.641808162857429 102778873544.313
0.0119999999999994 0.668523615009486 107024211529.382
0.0124999999999995 0.696296650957037 111461227684.963
0.0129999999999994 0.721638161677824 115490319557.522
0.0134999999999993 0.749584497124071 119950645132.951
0.0139999999999995 0.775175722466422 124063221042.373
0.0144999999999994 0.801942433674006 128320887814.7
0.0149999999999995 0.828255741608009 132530377803.649
0.0154999999999994 0.853549895385144 136588501796.802
0.0159999999999995 0.881061698332956 140988800495.868
0.0164999999999994 0.906542644877334 145075342254.68
0.0169999999999994 0.932749384525159 149303163868.803
0.0174999999999995 0.960527332369374 153763662567.27
0.0179999999999994 0.985307552426864 157743252479.626
0.0184999999999995 1.01282422222491 162185900609.31
0.0189999999999994 1.03888448067877 166365018964.184
0.0194999999999996 1.06448098398011 170520693968.68
0.0199999999999995 1.09222741210469 174984000373.141
0.0204999999999994 1.11684853089555 178982970000.305
0.0209999999999995 1.14284359407115 183180390631.808
0.0214999999999994 1.16963211858526 187520940645.061
0.0219999999999995 1.19357005318225 191421384710.177
0.0224999999999994 1.21930987557414 195595427957.091
0.0229999999999996 1.24552231555566 199850910320.661
0.0234999999999995 1.27005060786306 203846570529.113
0.0239999999999994 1.29595958545425 208060647334.958
0.0244999999999995 1.32138834317829 212225139251.517
0.0249999999999994 1.34566967855323 216185706160.775
0.0254999999999995 1.37107820140074 220327331409.209
0.0259999999999994 1.39659935615946 224529067346.474
0.0264999999999993 1.42151230476055 228593351490.033
0.0269999999999995 1.44713022913063 232783963427.54
0.0274999999999994 1.47244780746529 236944528301.13
0.0279999999999995 1.49728857361517 241011414744.232
0.0284999999999994 1.52283976274591 245230203010.447
0.0289999999999995 1.54685804787613 249181629366.877
0.0294999999999994 1.57085637705298 253131332148.088
0.0299999999999994 1.59580057119273 257247263465.737
0.0304999999999995 1.62093341892189 261399482638.185
0.0309999999999994 1.64468208806923 265325277415.121
0.0314999999999993 1.66857384732167 269273115376.14
0.0319999999999994 1.692675631969 273286873346.403
0.0324999999999996 1.7169092932666 277295153357.366
0.0329999999999995 1.74087635653817 281272298926.592
0.0334999999999994 1.76468440993065 285220072524.323
0.0339999999999993 1.78883784586277 289245513147.328
0.0344999999999996 1.81324801572858 293300118054.719
0.0349999999999995 1.83727937734475 297295175900.568
0.0354999999999994 1.86088283375088 301255777598.924
0.0359999999999993 1.88480290250766 305233268471.411
0.0364999999999992 1.90857034561363 309197423462.527
0.0369999999999996 1.93186414870136 313105622843.93
0.0374999999999995 1.95523400442063 317039366644.281
0.0379999999999994 1.97842170191345 320929622287.157
0.0384999999999993 2.00180329240984 324855964757.437
0.0389999999999994 2.02524124092289 328792138809.909
0.0394999999999996 2.04824694154822 332662136160.272
0.0399999999999995 2.07107432615102 336505344583.807
0.0404999999999994 2.09442814883595 340431744921.67
0.0409999999999993 2.11716147202586 344280273280.762
0.0414999999999994 2.14028281238341 348165482863.286
0.0419999999999995 2.16297182310669 352012016452.034
0.0424999999999994 2.18584096119593 355894948430.577
0.0429999999999994 2.20758814353155 359577212969.685
0.0434999999999993 2.23076693012514 363503555140.701
0.0439999999999996 2.25332769354026 367357271755.828
0.0444999999999995 2.27601422103557 371208932212.431
0.0449999999999994 2.29858073032932 375037779637.073
0.0454999999999993 2.320976935717 378853038888.29
0.0459999999999995 2.34316922499075 382640886816.717
0.0464999999999996 2.36504191620894 386379902250.044
0.0469999999999995 2.38668846203596 390071290031.481
0.0474999999999994 2.40902229544552 393896223162.518
0.0479999999999993 2.43136316600332 397724337520.16
0.0484999999999994 2.45357763949438 401518668877.289
0.0489999999999996 2.4755659446813 405294030881.042
0.0494999999999995 2.49751169160177 409062332799.276
0.0499999999999994 2.51912470063875 412780550363.498
0.0504999999999993 2.54078932650407 416519236064.022
0.0509999999999996 2.56224872482262 420209886484.055
0.0514999999999995 2.5833010614075 423866298471.789
0.0519999999999994 2.60498082219182 427605990261.572
0.0524999999999993 2.62593833564007 431220146249.372
0.0529999999999992 2.6473388794326 434933520039.312
0.0534999999999996 2.66872565429448 438637156883.619
0.0539999999999995 2.69033798122854 442376151343.768
0.0544999999999994 2.71170370196865 446091669118.709
0.0549999999999993 2.7335874023626 449886211980.097
0.0554999999999994 2.75477755272978 453573885612.734
0.0559999999999996 2.77548468960088 457179018197.348
0.0564999999999995 2.79688461630944 460914806097.67
0.0569999999999994 2.81729360304199 464480444092.006
0.0574999999999993 2.83782778372605 468075842900.971
0.0579999999999994 2.85862275381385 471703006980.358
0.0584999999999996 2.87968966776476 475388176329.669
0.0589999999999995 2.89994413319168 478953425677.718
0.0594999999999994 2.9197836230967 482438117135.676
0.0599999999999993 2.94035353363767 486058604706.721
0.0604999999999996 2.96077536495657 489641834579.598
0.0609999999999995 2.98041413852206 493110499342.403
0.0614999999999994 3.000868709165 496716082650.596
0.0619999999999993 3.02105640634548 500276346044.802
0.0624999999999992 3.04124685180718 503838398047.535
0.0629999999999996 3.06136578492845 507396246967.599
0.0634999999999995 3.08126395872765 510927105946.494
0.0639999999999994 3.10111519489558 514439979915.622
0.0644999999999993 3.12082412246931 517935861747.937
0.0649999999999994 3.14060526410078 521447979317.34
0.0654999999999996 3.16037058948836 524965465594.103
0.0659999999999995 3.17966983534452 528411542362.76
0.0664999999999994 3.19887998329889 531830010410.688
0.0669999999999993 3.21769204804734 535199768518.027
0.0674999999999994 3.23671780368134 538615388389.877
0.0679999999999995 3.25577316814803 542022590036.802
0.0684999999999995 3.27523556852439 545512775248.624
0.0689999999999994 3.29537294069537 549096073239.857
0.0694999999999993 3.31467774960891 552562176217.124
0.0699999999999996 3.33434602787225 556082534232.466
0.0704999999999995 3.35386703660433 559598089540.158
0.0709999999999994 3.3722816975399 562927944746.855
0.0714999999999993 3.39067438712376 566248706475.465
0.0719999999999995 3.40954218767633 569662809007.197
0.0724999999999996 3.42807174045642 572996497107.251
0.0729999999999995 3.44629568365014 576310165510.721
0.0734999999999994 3.46493486879018 579677438082.609
0.0739999999999993 3.48367361031296 583078674365.096
0.0744999999999994 3.50177583569031 586362063169.705
0.0749999999999996 3.52026702866342 589717212978.934
0.0754999999999995 3.53894666557893 593117488465.052
0.0759999999999994 3.55754322551543 596511654204.91
0.0764999999999993 3.57557498228433 599786754587.347
0.0769999999999994 3.59350768256943 603072461958.768
0.0774999999999995 3.61199999733988 606443433550.939
0.0779999999999994 3.630197375809 609773692457.908
0.0784999999999993 3.64760215728023 612963156879.144
0.0789999999999995 3.66480019489018 616115015680.668
0.0794999999999996 3.6832562194091 619510335106.89
0.0799999999999995 3.70120564439286 622811503226.378
0.0804999999999994 3.71862736567353 626022274905
0.0809999999999993 3.73661684379716 629329400078.214
0.0814999999999994 3.7544710622854 632615160963.819
0.0819999999999996 3.77199054077998 635849875914.143
0.0824999999999995 3.79019653596351 639203170394.264
0.0829999999999994 3.8073857351099 642389012581.613
0.0834999999999993 3.82477160462425 645615425637.649
0.0839999999999994 3.84164108888257 648734687658.132
0.0844999999999995 3.85879444263659 651935914977.113
0.0849999999999995 3.87544386346151 655042925247.438
0.0854999999999994 3.89258597244775 658232003503.24
0.0859999999999993 3.91017873865826 661512907804.191
0.0864999999999994 3.92730522370231 664693792479.184
0.0869999999999995 3.9452882799285 668054860407.886
0.0874999999999994 3.96161685658453 671093283112.835
0.0879999999999993 3.97844049333931 674258597651.302
0.0884999999999995 3.9949607779904 677343364992.279
0.0889999999999996 4.01258899786135 680651281017.713
0.0894999999999995 4.02988478335772 683874305958.671
0.0899999999999994 4.04567837304964 686856805657.593
0.0904999999999993 4.06179632645437 689916844011.607
0.0909999999999994 4.07936429820733 693196045018.357
0.0914999999999996 4.0959360971163 696331382998.133
0.0919999999999995 4.11236888496609 699424475282.084
0.0924999999999994 4.12851577012036 702488572570.813
0.0929999999999993 4.14476006807905 705573505256.234
0.0934999999999994 4.16062663053884 708586230111.167
0.0939999999999995 4.17718776448957 711732133276.03
0.0944999999999994 4.19298006872579 714743894933.05
0.0949999999999993 4.20778741960155 717592813623.771
0.0954999999999993 4.22416652824897 720712290992.615
0.0959999999999996 4.23898255386645 723571893883.477
0.0964999999999995 4.25376151168783 726421025088.573
0.0969999999999994 4.26762980906088 729147206658.92
0.0974999999999993 4.28177062879155 731907707882.845
0.0979999999999994 4.29598745742648 734675931737.95
0.0984999999999996 4.30816594765755 737145693989.634
0.0989999999999995 4.32169913861293 739794695964.106
0.0994999999999994 4.33253229040279 742043354054.826
0.0999999999999993 4.34394154940989 744373772062.616
0.100499999999999 4.35448286251576 746542845773.145
0.101 4.36233361834099 748348719938.194
0.101499999999999 4.36935642435479 749946760017.227
0.101999999999999 4.37666875897432 751590183642.824
0.102499999999999 4.38223588442973 752980899378.605
0.102999999999999 4.38611214398428 754120003925.047
0.1035 4.3844725186154 754324188820.148
0.103999999999999 4.38536442818556 754973961858.866
0.104499999999999 4.38579025443105 755582579100.814
0.104999999999999 4.38689510920191 756235759876.534
0.105499999999999 4.38078165916383 755676277159.874
0.105999999999999 4.37301863868747 755047292489.578
0.106499999999999 4.36862025820213 754907068945.424
0.106999999999999 4.35746759034551 753629183030.369
0.107499999999999 4.34560492091438 752160275091.625
0.108 4.33279347558596 750662612853.248
0.108499999999999 4.32030954948343 749105459065.249
0.108999999999999 4.30210483494273 746653511402.843
0.109499999999999 4.28283203802858 744060642423.619
0.109999999999999 4.25869174452277 740738851487.487
0.1105 4.22348798849145 735700769013.641
0.110999999999999 4.19580955332956 731700909994.165
0.111499999999999 4.15778712225809 726099527622.68
0.111999999999999 4.11911392765131 720419557779.792
0.112499999999999 4.07853879526289 714417087410.75
0.113 4.0302182573961 707200745066.762
0.113499999999999 3.98411966383693 700413387540.077
0.113999999999999 3.93449499923983 692959785170.207
0.114499999999999 3.88054451518337 684775301591.206
0.115 3.81816410586351 675509454360.485
0.115499999999999 3.7558689185856 666006976305.978
0.115999999999999 3.69020117724249 656034552500.345
0.116499999999999 3.62641475953238 646420307793.408
0.116999999999999 3.55695843416254 635603174471.293
0.1175 3.47639775255386 623145534279.176
0.117999999999999 3.39307286720951 610253214523.755
0.118499999999999 3.3180991473125 598741584941.406
0.118999999999999 3.23037766271349 584808921656.229
0.119499999999999 3.14332805294066 571187845090.83
0.12 3.05140283677019 556629994133.822
0.120499999999999 2.94991492321733 540712411683.941
0.120999999999999 2.84777107243621 524339701356.298
0.121499999999999 2.73887472271494 506660795223.179
0.121999999999999 2.63546848583647 490183515733.04
0.1225 2.51592460382147 470966019336.516
0.122999999999999 2.39890061199655 451958057441.124
0.123499999999999 2.26940554246877 430662280507.028
0.123999999999999 2.14860212426734 410702106029.738
0.1245 2.01627910112356 388843162101.793
0.124999999999999 1.87817379709221 365757654031.927
0.125499999999999 1.73912767132543 342408074235.295
0.125999999999999 1.59891597856185 318519911889.947
0.126499999999999 1.45500672980746 293951100878.413
0.127 1.30050703966959 267787245154.632
0.127499999999999 1.16539032911571 244578423738.976
0.127999999999999 1.02596694115833 220843288445.472
0.128499999999999 0.876510705724541 195265940018.46
0.128999999999999 0.736705567033004 170732993994.699
0.1295 0.623041949388418 150903219711.454
0.129999999999999 0.520987974243856 133387629645.78
0.130499999999999 0.45763341180243 121885410447.523
0.130999999999999 0.386271433293912 109412637622.637
0.1315 0.323618170955121 98243938841.173
0.132 0.255200204914175 86316288499.7518
0.132499999999999 0.201090116687708 76648350122.5616
0.132999999999999 0.170759286968711 70755002216.855
0.133499999999999 0.115965760747119 61201243188.3753
0.134 0.0739644598250674 54000133657.3642
0.134499999999999 0.0497597387528169 48923355029.4048
0.134999999999999 0.0188079397092165 43641794126.6072
0.1355 0.00245787602267513 40603620385.4907
0.135999999999999 -0.0128293879610289 37496815287.7723
0.1365 -0.0204196723201799 35867732364.6722
0.136999999999999 -0.0348463318470427 33276159228.5254
0.137499999999999 -0.0432653600836548 31380443452.451
0.137999999999999 -0.02981104669064 33465427061.8784
0.1385 -0.0397780847198166 31456656386.4359
0.139 -0.0440042807089372 30654764625.2887
0.139499999999999 -0.0641819226688443 26971712772.6522
0.139999999999999 -0.0720286857573648 24978038021.9132
0.140499999999999 -0.0582058464486854 27228455152.6792
0.141 -0.0625298965246874 26464159523.6984
0.141499999999999 -0.0626396775353265 26400053664.4868
0.141999999999999 -0.0718786521515403 24503429412.9363
0.142499999999999 -0.0702775126475761 24810398405.3371
0.142999999999999 -0.0667585854740277 25510108638.8202
0.1435 -0.0495006493946619 28043471361.5165
0.143999999999999 -0.0410997917013924 29254603394.8
0.144499999999999 -0.0357328877983272 30038638227.5104
0.144999999999999 -0.0276390208283125 31562590363.6209
0.145499999999999 -0.0305558528064142 30569300339.4134
0.146 -0.0298986108859577 30185386164.4097
0.146499999999999 -0.0347887580695841 29823744071.4027
0.146999999999999 -0.0186174000272621 32140678232.4698
0.147499999999999 -0.0201405536866012 31951366661.2558
0.147999999999999 -0.0194830496777753 31885445636.0896
0.1485 -0.0236862399988738 31093704630.9381
0.148999999999999 -0.0283376888807974 30240569186.4592
0.149499999999999 -0.0250852700989501 30535159790.2737
0.149999999999999 -0.00672609508381253 34062840072.1496
0.1505 -0.00553163756863591 33953260757.3483
0.150999999999999 0.000738664385696131 34986402423.4415
0.151499999999999 0.0120449013112955 36866948454.9244
0.151999999999999 0.0121807893676524 36964247117.423
0.152499999999999 0.0281164816214442 39556395816.4207
0.153 0.0220955779295866 38492115236.48
0.153499999999999 0.0256492790967718 39453244342.4514
0.153999999999999 0.0278920536761783 40026702614.8778
0.154499999999999 0.033138495284322 40847368603.0603
0.154999999999999 0.0467863791502971 43318035226.0565
0.1555 0.0699694102673689 47272465011.5324
0.155999999999999 0.0637340845407041 46017025843.5418
0.156499999999999 0.0520966445848082 44043092435.0706
0.156999999999999 0.0578931312794938 44918283058.7281
0.157499999999999 0.0482626336115081 43272566204.799
0.158 0.0525157966552772 43900540454.4043
0.158499999999999 0.06066404587249 45525416944.9308
0.158999999999999 0.055886083522742 44806699550.7382
0.159499999999999 0.0664840314669805 46900153503.7631
0.16 0.0546528961723934 44456149144.6133
0.160499999999999 0.0508366536944274 43851982884.3763
0.160999999999999 0.0560170489508357 44724462838.441
0.161499999999999 0.033304582264787 40360350560.279
0.161999999999999 0.047211889403064 42851007384.9283
0.1625 0.0472023159421477 43313613109.8914
0.162999999999999 0.0617033459814641 45461478788.9583
0.163499999999999 0.0532921726665629 44024278068.09
0.163999999999999 0.0587379515269746 44963992597.6009
0.164499999999999 0.0724072196577389 47601131508.508
0.165 0.0820420018050415 49262145202.832
0.165499999999999 0.0842836053395377 49999389715.9646
0.165999999999999 0.0793337302923634 48691500359.3318
0.166499999999999 0.0774437396328901 48385423399.3233
0.167 0.0766039879544517 48095066847.3374
0.167499999999999 0.0747168868583496 47550574054.834
0.167999999999999 0.0742387499037577 47762685404.2901
0.168499999999999 0.0836835071688584 49499436168.8373
0.168999999999999 0.0825716869472858 49242280788.6003
0.1695 0.0933314757291576 50948525684.9159
0.169999999999999 0.0922620737632745 50741622310.3028
0.170499999999999 0.0968430454169 51891060263.0501
0.170999999999999 0.075829825559219 48180381735.1594
0.171499999999999 0.0732888824165163 47302425088.9585
0.172 0.0816660801572516 49011674751.0634
0.172499999999999 0.0771239360518157 48031819858.1132
0.172999999999999 0.0806473619880668 48786444888.7426
0.173499999999999 0.0769262004959413 47961594698.2633
0.173999999999999 0.0852979174093327 49544381768.1062
0.1745 0.0921001724854109 51315072047.4011
0.174999999999999 0.0913233689779372 50639055736.013
0.175499999999999 0.088158258625756 50277577756.4755
0.175999999999999 0.0983636379371357 52078344282.7047
0.176499999999999 0.0970533989290453 51985462842.7708
0.176999999999999 0.105393146374721 53261066552.0129
0.177499999999999 0.0968917060807499 51865016930.4372
0.177999999999999 0.0907506612614032 50823017280.3087
0.178499999999999 0.0844240392600173 49508545554.0501
0.179 0.0798437574909796 48390141310.1082
0.179499999999999 0.0727908512484352 47492674682.6534
0.179999999999999 0.081590058167709 48966902826.0292
0.180499999999999 0.0880586397306966 50330893183.4657
0.180999999999999 0.0883673750959903 50295441101.3458
0.1815 0.0866757193066048 49735786206.0932
0.181999999999999 0.0853283235431381 49610631194.9063
0.182499999999999 0.0986655209579415 52117060855.7279
0.182999999999999 0.0889850429470173 50371272574.3915
0.183499999999999 0.091356139020048 50552435298.8035
0.183999999999999 0.0917609832647699 50947327215.3857
0.184499999999999 0.104963046405233 53081142652.8509
0.184999999999999 0.115285174530799 54997532500.1408
0.185499999999999 0.118826862544103 55416658289.1613
0.186 0.119696764798122 55665252331.3165
0.186499999999999 0.115688782079723 55290814451.0718
0.186999999999999 0.128329049708385 57557683192.4297
0.1875 0.141118848665913 60015559872.7801
0.187999999999999 0.136189948917388 58750927169.4482
0.1885 0.125276592116256 56648622418.694
0.188999999999999 0.127543119988601 57229481054.6417
0.189499999999999 0.121086143994884 56114941760.683
0.189999999999999 0.122501300475045 56511960145.3047
0.190499999999999 0.120030889587403 56053162928.005
0.191 0.117991942603497 55342587734.956
0.191499999999999 0.108469909396494 53794206615.5381
0.191999999999999 0.111789114189186 54341044406.4169
0.192499999999999 0.11898280819132 55359861268.2498
0.192999999999999 0.103778107461439 53152902669.5124
0.193499999999999 0.121132665557381 55936359913.9586
0.193999999999999 0.109359527163224 53865783888.3131
0.194499999999999 0.109550631170225 54198204716.1408
0.194999999999999 0.11883315292338 55539729272.1337
0.1955 0.137964669348466 59137719493.416
0.195999999999999 0.124215847798523 56795532867.8581
0.196499999999999 0.131655848856616 58330791626.8762
0.197 0.118907937628969 55819900837.6184
0.197499999999999 0.124549951535418 56760759940.7655
0.198 0.139990876514833 59639357816.0558
0.198499999999999 0.135812462228915 58757606293.2026
0.198999999999999 0.12627395390963 57096167672.6869
0.199499999999999 0.134009710656299 58768166119.2507
0.199999999999999 0.13669153339182 59220515614.78
0.2005 0.146698393165419 60920841365.9433
0.200999999999999 0.136652708437735 59149223958.4896
0.201499999999999 0.132940167409512 58677963414.4125
0.201999999999999 0.136391352854626 58821421920.8728
0.2025 0.128026615137801 57435016931.3199
0.202999999999999 0.137438107293605 59057575973.7327
0.203499999999999 0.130562805458108 58020695491.0803
0.203999999999999 0.135238597085328 58948183498.6184
0.204499999999999 0.126431389926031 57380615403.092
0.205 0.124137527798171 56836438416.5033
0.205499999999999 0.129525754009514 57591300311.2164
0.205999999999999 0.134328136877963 58400563533.6736
0.206499999999999 0.129653167873225 57765257462.2607
0.206999999999999 0.131669617643255 58356898358.4793
0.2075 0.127863146832374 57193889860.9542
0.207999999999999 0.113570490055286 54741722419.2702
0.208499999999999 0.119671093074262 55989335497.7137
0.208999999999999 0.115774510811567 54985721036.3908
0.209499999999999 0.115512866801282 55227069914.9522
0.209999999999999 0.122738653775823 56743297902.8883
0.210499999999999 0.13878510237684 59519198246.612
0.210999999999999 0.13206453501135 58199862924.6194
0.211499999999999 0.145130718084607 60869184914.7189
0.211999999999999 0.136290190017877 59064693584.0928
0.212499999999999 0.141723109481995 60272326173.2172
0.212999999999999 0.135530435012231 59024849129.4179
0.213499999999999 0.124431724874976 57025306296.6598
0.213999999999999 0.129640172289583 57880314075.57
0.2145 0.130569994880499 58409147447.7318
0.214999999999999 0.133061323400443 58267134692.0807
0.215499999999999 0.130968698393086 58338577901.9597
0.215999999999999 0.130263728386453 58185286050.4711
0.216499999999999 0.128922860925122 57949632349.7097
0.216999999999999 0.129222849045847 58078568295.2807
0.217499999999999 0.130297081708147 58152625257.9892
0.217999999999999 0.133223350079314 58531989521.8243
0.218499999999999 0.12545642217299 57400408616.087
0.218999999999999 0.121045468701561 56256404086.4622
0.219499999999999 0.133325855980238 58599134409.4098
0.219999999999999 0.1372947171938 59481873761.6397
0.2205 0.131380757073714 58293349701.842
0.220999999999999 0.128235672547473 57671833938.2772
0.2215 0.145581343272701 60990396656.7623
0.221999999999999 0.147521839183129 61285305944.6667
0.222499999999999 0.149930928393393 61602166227.3624
0.223 0.142818007915492 60453480810.1992
0.223499999999999 0.145288773322817 60791545551.5102
0.224 0.143091782893844 60320850187.1375
0.224499999999999 0.151913471379791 61986237176.1425
0.224999999999999 0.155628279040316 62395815639.4177
0.225499999999999 0.161384762152824 63718724427.6706
0.225999999999999 0.160339634304629 63714463570.2937
0.2265 0.163819453080724 64253428062.7331
0.226999999999999 0.161589776684692 64205623692.2028
0.227499999999999 0.157613363593713 63090266026.4353
0.227999999999999 0.153849742655988 62540733893.1258
0.228499999999999 0.154314479084489 62755567965.0912
0.228999999999999 0.158005821516522 63072375865.475
0.229499999999999 0.152970773176117 62228347510.9676
0.23 0.153641298717973 62393585902.7713
0.230499999999999 0.156079090664695 62765732825.8886
0.231 0.14434382561469 61010499786.9099
0.231499999999999 0.161950467207286 63830538211.9309
0.231999999999999 0.154869844449063 62713556427.2111
0.232499999999999 0.168500206110185 65154098980.8396
0.232999999999999 0.160483093072129 63678917302.4159
0.2335 0.172951889043249 66260075426.5116
0.233999999999999 0.15341339847041 62598096979.1112
0.234499999999999 0.149748627077733 61970532960.6109
0.234999999999999 0.138088302673302 59679416862.6071
0.235499999999999 0.132555339288227 58493775112.0291
0.235999999999999 0.130005389158593 58069388867.1585
0.236499999999999 0.135208993116023 59022893921.0298
0.236999999999999 0.140549995614476 60316257168.468
0.237499999999999 0.140786335234342 60152425501.9374
0.237999999999999 0.150805401934383 61845148032.5132
0.238499999999999 0.14972112594217 61659099508.1544
0.238999999999999 0.139255625337542 60087429546.4358
0.239499999999999 0.144232931491785 60790102259.0006
0.239999999999999 0.154453728912416 62770473807.9891
0.2405 0.141919793855029 60603036037.141
0.240999999999999 0.151173130213087 62223494187.8031
0.241499999999999 0.148585741519439 61567093261.4973
0.241999999999999 0.140584164290435 60087366273.5904
0.242499999999999 0.158035474083891 63194189692.0517
0.243 0.149310075433911 61549443876.8682
0.243499999999999 0.157076267431407 63389095691.1925
0.243999999999999 0.147274442856344 61357397850.1218
0.244499999999999 0.148440651509843 61337218639.5443
0.244999999999999 0.14561930560593 61214576170.9986
0.245499999999999 0.148667436490967 61619961256.6792
0.245999999999999 0.153791153863005 62514790338.7982
0.246499999999999 0.159874534163061 63824224266.4794
0.246999999999999 0.15674828902009 63115453195.7121
0.247499999999999 0.154443043457084 62232722047.4069
0.247999999999999 0.153389081848828 62811336723.0042
0.248499999999999 0.15740182552236 63626507719.0103
0.248999999999999 0.163873507949968 64562226933.71
0.249499999999999 0.160246834040228 63992213977.057
0.25 0.155016629960157 63252480617.8969
