# Fix print output for fix def1
-3.34806288850275e-16 0.00920291970796913 3403939656.99764
0.000499999999999606 0.0394301147878284 8089585051.96003
0.00099999999999977 0.0668636427189956 12362467696.2098
0.00149999999999971 0.0978028156892706 17186343700.7291
0.00199999999999965 0.124378469066688 21339246612.9243
0.00249999999999959 0.154610646445743 26036831406.8204
0.00299999999999976 0.181057739194216 30181500228.4529
0.0034999999999997 0.211081962765768 34876690065.7075
0.00399999999999964 0.236887083827709 38923649218.1236
0.00449999999999958 0.267508842240898 43710227172.5767
0.00499999999999974 0.292028499998421 47556322567.507
0.00549999999999968 0.322205887916586 52295900061.5522
0.00599999999999962 0.34694937376544 56182843620.5216
0.00649999999999956 0.376779439107697 60871498981.7554
0.00699999999999973 0.401817278502901 64817167957.5431
0.00749999999999967 0.431239134262126 69455290265.6041
0.00799999999999961 0.457985076081668 73676487881.401
0.00849999999999977 0.48630118615565 78152465015.9838
0.00899999999999971 0.513866718036022 82501525202.9372
0.00949999999999965 0.539527236058023 86579596245.2809
0.00999999999999959 0.569591213303635 91337285625.6717
0.0104999999999998 0.593860557330172 95188955583.7821
0.0109999999999997 0.624510613639445 100032109320.744
0.0114999999999996 0.649102454796775 103959873222.695
0.0119999999999996 0.678577176442588 108644659879.568
0.0124999999999997 0.705807189890921 112968653550.058
0.0129999999999997 0.731021598738228 116986151650.417
0.0134999999999996 0.761015200643304 121775599457.216
0.0139999999999996 0.784866386002753 125593350892.911
0.0144999999999997 0.813948613636742 130227755123.568
0.0149999999999997 0.840180414929261 134432401442.444
0.0154999999999996 0.865446539501183 138492035588.545
0.0159999999999998 0.894441565638289 143131527654.429
0.0164999999999997 0.918320160941639 146962696387.536
0.0169999999999997 0.946058146459024 151427826925.506
0.0174999999999996 0.97251671399586 155691978191.963
0.0179999999999998 0.99692750040959 159613452900.489
0.0184999999999997 1.02583890904603 164264397246.311
0.0189999999999996 1.05148066164507 168402520441.032
0.0194999999999996 1.07688530204811 172517465534.698
0.0199999999999997 1.10497640138109 177034064348.346
0.0204999999999997 1.12983595047812 181079795557.202
0.0209999999999996 1.15610156186192 185322279376.348
0.0214999999999996 1.18363183960474 189769841420.322
0.0219999999999997 1.20765103380694 193697036529.752
0.0224999999999997 1.23396197609041 197948603687.902
0.0229999999999996 1.26105696001434 202362861263.983
0.0234999999999996 1.28564291612017 206354897660.898
0.0239999999999997 1.31173382055841 210615009962.156
0.0244999999999997 1.33821712468381 214935489668.289
0.0249999999999996 1.36224079262198 218839013014.734
0.0254999999999998 1.38784775818371 223050629567.813
0.0259999999999997 1.41514172503807 227503999350.433
0.0264999999999996 1.43947787855628 231498028362.412
0.0269999999999996 1.46364959768458 235447943238.636
0.0274999999999998 1.49021051627683 239818876971.008
0.0279999999999997 1.5150233208075 243897825372.658
0.0284999999999996 1.53899301189056 247839193234.678
0.0289999999999996 1.56484316052299 252093367662.551
0.0294999999999997 1.59044849892355 256316279762.994
0.0299999999999997 1.61470209739906 260318166023.537
0.0304999999999996 1.638959996923 264321021310.458
0.0309999999999998 1.66413569046353 268478126002.954
0.0314999999999995 1.68819712194573 272459400354.789
0.0319999999999997 1.71200388828336 276408081935.227
0.0324999999999998 1.73712505922598 280568627678.151
0.0329999999999995 1.76267718170215 284808777914.068
0.0334999999999997 1.78667391514143 288798919097.334
0.0339999999999999 1.80973140297253 292641158171.776
0.0344999999999996 1.83383256258446 296659125668.115
0.0349999999999998 1.85855861818731 300762342381.78
0.0354999999999995 1.88269224615686 304802340203.745
0.0359999999999996 1.90535009413801 308585775292.354
0.0364999999999998 1.92885402195521 312526044373.527
0.0369999999999995 1.95337226350187 316631868790.168
0.0374999999999997 1.97778914847138 320706346332.177
0.0379999999999998 2.00168676469951 324718205896.735
0.0384999999999996 2.02415597287189 328491884836.352
0.0389999999999997 2.04732418083631 332395975802.383
0.0394999999999997 2.07188821968322 336521617530.654
0.0399999999999996 2.09660164781663 340669541840.678
0.0404999999999998 2.11932224280043 344515340955.813
0.0409999999999995 2.14156381606358 348263509742.316
0.0414999999999997 2.16400997763741 352053725128.351
0.0419999999999998 2.1868108416731 355914658257.267
0.0424999999999995 2.21009985299713 359859500615.981
0.0429999999999997 2.23383683696988 363877598677.426
0.0434999999999999 2.25690325424227 367795740639.499
0.0439999999999996 2.27873510620844 371509129042.305
0.0444999999999997 2.30081258590309 375263617831.712
0.0449999999999995 2.32372622245972 379169520128.591
0.0454999999999996 2.34702401890847 383127088810.409
0.0459999999999998 2.37018701214319 387073480336.826
0.0464999999999995 2.3928831321631 390946966741.741
0.0469999999999997 2.4153138343647 394789398637.621
0.0474999999999998 2.43688179364935 398486023477.596
0.0479999999999995 2.45873365138432 402225836132.571
0.0484999999999997 2.48055385237457 405971675211.973
0.0489999999999997 2.50234387143874 409711563746.391
0.0494999999999996 2.52440531551024 413499914103.793
0.0499999999999998 2.54703796091953 417401395599.143
0.0504999999999995 2.56912075841366 421204790170.536
0.0509999999999996 2.59167773949085 425090442064.974
0.0514999999999998 2.61335593925432 428833629885.781
0.0519999999999995 2.63491843076078 432542852051.528
0.0524999999999997 2.65644568671817 436263255962.176
0.0529999999999999 2.67819945273033 440034842954.181
0.0534999999999996 2.69872379955468 443600910505.18
0.0539999999999997 2.71980119283857 447266704531.728
0.0544999999999997 2.7415005036113 451029316527.45
0.0549999999999996 2.76285820778286 454740775651.397
0.0554999999999998 2.78387496633373 458389159981.036
0.0559999999999995 2.80526961535954 462123535533.376
0.0564999999999997 2.82649827236115 465841738874.326
0.0569999999999998 2.8476878127636 469520217938.997
0.0574999999999995 2.86836720576796 473131554894.317
0.0579999999999997 2.88944958719707 476835065825.751
0.0584999999999999 2.91097242824836 480593757228.289
0.0589999999999996 2.93149800114206 484211462812.291
0.0594999999999997 2.95213869920572 487819622189.802
0.0599999999999995 2.97219448707481 491340295353.088
0.0604999999999996 2.99289478182522 494992826718.854
0.0609999999999998 3.01338864518667 498606928011.49
0.0614999999999995 3.03362628181172 502175160060.071
0.0619999999999997 3.05399075646717 505772118167.985
0.0624999999999998 3.07428904814361 509357773310.249
0.0629999999999996 3.09460812218296 512953988683.347
0.0634999999999997 3.11471711304934 516523099660.811
0.0639999999999997 3.13475172825183 520072547695.393
0.0644999999999996 3.154742525343 523615036426.058
0.0649999999999998 3.17486298018528 527186032935.176
0.0654999999999995 3.19450443529146 530682041966.328
0.0659999999999996 3.21422804631768 534214065119.345
0.0664999999999998 3.23371426755974 537690380347.321
0.0669999999999995 3.25334754606763 541189422012.983
0.0674999999999997 3.273015534098 544714123562.866
0.0679999999999999 3.29270982952388 548221493724.883
0.0684999999999996 3.31298698470304 551828949151.786
0.0689999999999997 3.33306284492711 555436786010.914
0.0694999999999995 3.35229382297083 558901921288.288
0.0699999999999996 3.3715894793168 562366965612.969
0.0704999999999998 3.39064341190283 565797238184.608
0.0709999999999995 3.40967457474272 569217561261.014
0.0714999999999997 3.42827488036205 572569759306.328
0.0719999999999998 3.4471688677205 575990891319.174
0.0724999999999996 3.46626632604505 579449541859.655
0.0729999999999997 3.48458513772068 582778148977.221
0.0734999999999996 3.50367564492039 586216132031.741
0.0739999999999996 3.52280764712958 589687620905.788
0.0744999999999998 3.54119590060474 593012851670.275
0.0749999999999995 3.56000234743401 596425006606.786
0.0754999999999996 3.57830373120602 599767857336.486
0.0759999999999998 3.59651125200515 603094303917.841
0.0764999999999995 3.61527366493461 606520661453.923
0.0769999999999997 3.63344198360015 609828808324.966
0.0774999999999998 3.65166713767082 613165115833.215
0.0779999999999996 3.67013231809213 616533577220.072
0.0784999999999997 3.68845790329218 619884823378.672
0.0789999999999997 3.70647560858111 623190936141.443
0.0794999999999996 3.72462531928601 626529048006.948
0.0799999999999998 3.74291200177887 629889624859.668
0.0804999999999995 3.76095407801476 633194003011.456
0.0809999999999997 3.77920458481399 636561392236.549
0.0814999999999998 3.79656400195885 639770998275.211
0.0819999999999995 3.81402964297169 642996368029.341
0.0824999999999997 3.83229014055236 646374806687.77
0.0829999999999996 3.8497300375762 649604469492.633
0.0834999999999996 3.8675398757909 652887794831.84
0.0839999999999997 3.88490897071197 656114514962.077
0.0844999999999997 3.90233334098824 659360689669.628
0.0849999999999996 3.91962605912391 662557833297.62
0.0854999999999998 3.93731977076845 665868085733.465
0.0859999999999995 3.95455473243793 669065693838.016
0.0864999999999997 3.97130810309124 672195898987.962
0.0869999999999998 3.98842991889708 675392782475.724
0.0874999999999996 4.00560540969401 678626282683.025
0.0879999999999997 4.02232720699514 681751682114.76
0.0884999999999997 4.03922835943876 684927246109.585
0.0889999999999996 4.05637140317678 688136148795.109
0.0894999999999998 4.07290694677642 691242573620.61
0.0899999999999995 4.09022745923214 694503710302.336
0.0904999999999996 4.10689525586584 697624072628.015
0.0909999999999998 4.12380548909634 700833642686.839
0.0914999999999995 4.14048791961685 703961189160.07
0.0919999999999997 4.15733040635696 707161038468.946
0.0924999999999996 4.17316990174168 710156107888.152
0.0929999999999996 4.18937569312962 713237357868.212
0.0934999999999997 4.20557658216635 716315470169.732
0.0939999999999997 4.22216221986983 719465367532.643
0.0944999999999996 4.23848386418844 722565418483.552
0.0949999999999998 4.25447245859849 725607729040.367
0.0954999999999995 4.27110701078404 728764911502.923
0.0959999999999997 4.28741165359769 731885670255.833
0.0964999999999998 4.3028645035562 734842578751.417
0.0969999999999995 4.31881258644614 737884247752.265
0.0974999999999997 4.33495817410028 740983345116.417
0.0979999999999996 4.35032120864341 743935762509.123
0.0984999999999996 4.36592127897174 746933988171.486
0.0989999999999998 4.38234959633113 750080638124.636
0.0994999999999995 4.39774021921858 753044045765.228
0.0999999999999996 4.41287681173742 755973381809.28
0.1005 4.4294108459882 759153369833.267
0.101 4.44387357188695 761951857098.552
0.1015 4.45919095408395 764916121953.062
0.102 4.47474101124495 767932563848.235
0.1025 4.48983939685268 770860636504.514
0.103 4.50575790179838 773938453424.756
0.1035 4.521039107822 776910925935.039
0.104 4.53576959186951 779790234608.606
0.1045 4.5510909574115 782764094194.099
0.104999999999999 4.56587813833015 785668103487.301
0.1055 4.58128432664778 788670033455.232
0.106 4.59633260300956 791603813167.163
0.1065 4.61055523953681 794392125122.128
0.107 4.62543368766724 797311926766.036
0.1075 4.63993961540502 800156822413.06
0.108 4.65506981908296 803128750755.495
0.1085 4.66955467666834 805987782580.809
0.108999999999999 4.68378335881525 808782607256.041
0.1095 4.69828958483615 811657160159.926
0.11 4.71253651955774 814491902499.403
0.1105 4.72699313593038 817348262477.79
0.111 4.74132897574227 820183611077.522
0.1115 4.75582006209965 823056496127.269
0.112 4.76992038786455 825860751910.107
0.1125 4.78386202243152 828642366575.937
0.113 4.79821062195904 831489628479.542
0.1135 4.81166757515081 834183486802.319
0.114 4.82616824763175 837060061194.165
0.114499999999999 4.839574436122 839762247740.469
0.115 4.85401546663131 842651181847.871
0.1155 4.86756639342365 845350137652.536
0.116 4.88146262371525 848154712446.52
0.1165 4.89523639407528 850924572693.679
0.117 4.90848176508924 853599004578.396
0.1175 4.92232036559577 856387256278.567
0.118 4.93518340169644 858990642700.573
0.118499999999999 4.94901747596631 861782491040.556
0.119 4.96216744157705 864449174857.743
0.1195 4.97554880643116 867162771591.912
0.119999999999999 4.98906297974447 869895839289.69
0.1205 5.00195266905223 872523984217.237
0.121 5.01490154453757 875169413570.227
0.1215 5.02771999214174 877777260088.101
0.122 5.0410428780822 880494949612.926
0.1225 5.0542908607147 883199973234.732
0.123 5.06713309609381 885835645457.532
0.1235 5.08031938273158 888537457204.235
0.123999999999999 5.09352093225267 891233083275.927
0.1245 5.10609929105309 893812777817.61
0.125 5.11882644855075 896442787606.954
0.1255 5.13142083224955 899046392172.766
0.126 5.14367766296003 901574876468.465
0.1265 5.15668188887815 904256029516.567
0.127 5.16866794686905 906754564634.607
0.1275 5.18136233695271 909377236139.203
0.128 5.19392290737988 911989156034.587
0.1285 5.20600212531127 914502567527.785
0.129 5.21829353668299 917053869252.524
0.129499999999999 5.23054064107476 919604383560.073
0.13 5.24249131827566 922107524168.589
0.1305 5.25420706968428 924578245578.567
0.131 5.26661986847125 927165979714.137
0.1315 5.27835529311441 929633681278.147
0.132 5.29049115034889 932172429771.752
0.1325 5.30196668456549 934609923304.798
0.133 5.31385927202468 937118072071.597
0.1335 5.32566530844986 939600299611.208
0.134 5.33762061557126 942109385766.306
0.1345 5.34979528941954 944678163057.13
0.135 5.36136023928729 947123643303.836
0.1355 5.37241887444077 949484066886.031
0.136 5.38376491986482 951913166253.612
0.1365 5.39475491481739 954272707002.529
0.137 5.40576397399916 956633417142.634
0.1375 5.41737149193889 959094103256.584
0.138 5.42851122215983 961487561939.793
0.1385 5.43956036169691 963850737672.486
0.138999999999999 5.45143420716142 966378044691.865
0.1395 5.46186876234038 968658966054.102
0.14 5.47299642227635 971048940709.822
0.1405 5.48388245090107 973393935515.055
0.141 5.49476609556933 975761012390.455
0.1415 5.50556966369896 978103474384.167
0.142 5.51628355189373 980414838629.23
0.1425 5.52727458173836 982803471701.602
0.143 5.53711687288751 984972401521.43
0.1435 5.54807122744502 987347259050.564
0.144 5.55914789674587 989745948641.152
0.144499999999999 5.56894893350312 991908961350.374
0.145 5.57980801345605 994281611718.961
0.1455 5.59028490482462 996564443631.376
0.146 5.6007171374754 998877304617.196
0.1465 5.61036623963565 1001006540619.75
0.147 5.6209157748953 1003329754088.57
0.1475 5.63165899305146 1005685626001.81
0.148 5.64113432001132 1007801194016.85
0.148499999999999 5.65108073263178 1010008227058.23
0.149 5.66143826766948 1012291187281.92
0.1495 5.6713946765088 1014511717296
0.149999999999999 5.68083144298971 1016643170889.75
0.1505 5.69030737006621 1018783431536.61
0.151 5.70011268259488 1020957690100.45
0.1515 5.709796966803 1023141870330.06
0.152 5.71908502435516 1025245262026.96
0.1525 5.72925477614961 1027514454630.09
0.153 5.73826346855978 1029570898274.67
0.1535 5.7476932706904 1031695796336.54
0.153999999999999 5.7569570579006 1033812126291.02
0.1545 5.76592446756149 1035857989341.77
0.155 5.7750120538076 1037932546706.17
0.1555 5.78467726380215 1040116595047.54
0.156 5.7939704384657 1042222543013.21
0.1565 5.80239673121932 1044179561510.17
0.157 5.81193056749838 1046355583767.88
0.1575 5.8210063112027 1048431087592.37
0.158 5.8296277554779 1050444489357.16
0.1585 5.8383291547033 1052446576934.11
0.159 5.84675799588282 1054428255454.72
0.1595 5.85493147845292 1056346191880.39
0.16 5.86312516810245 1058268556624.96
0.1605 5.87249084943576 1060429382073.2
0.161 5.88058250399925 1062335717092.73
0.1615 5.8889107652379 1064288330660.64
0.162 5.89725089844891 1066257002927.47
0.1625 5.90536376293419 1068160346555.04
0.163 5.91269730488336 1069949934096.85
0.1635 5.92089836393875 1071882436679.29
0.164 5.9288800441843 1073787601429.71
0.1645 5.93758526133193 1075817157607.01
0.165 5.94607191817506 1077815572310.25
0.1655 5.95295018617918 1079539504934.05
0.166 5.95962966574987 1081213874780.36
0.1665 5.9653088616437 1082748726470.2
0.167 5.96846554831893 1083876567881.9
0.1675 5.9714196209914 1084964241305.59
0.168 5.96982609064479 1085345094764.76
0.1685 5.96694914191437 1085435231853.21
0.168999999999999 5.96743219005229 1086057324944.37
0.1695 5.96371459073183 1086087320360.99
0.17 5.95345868385507 1084987389061.26
0.1705 5.93874276276594 1083327744040.49
0.171 5.9164378534301 1080379100499.04
0.1715 5.89056361525614 1076914518263.94
0.172 5.86224701885109 1072977164600.99
0.1725 5.82706691983832 1067844496792.5
0.173 5.78619937102746 1062198559263.9
0.1735 5.73431717116036 1054571954033.31
0.174 5.6789695891177 1046580344825.46
0.174499999999999 5.61586173915031 1037150905789.64
0.175 5.54858108661834 1027173744663.1
0.1755 5.46770045156552 1015030676570.43
0.176 5.38262948335542 1001982844202.91
0.1765 5.2847959974886 987100877106.983
0.177 5.18124328716506 971339899822.309
0.1775 5.05942870629413 952127693358.456
0.178 4.94314345307984 934474968749.854
0.178499999999999 4.80658322553326 913383006616.171
0.179 4.66369372437508 891196436062.818
0.1795 4.50922166016196 867484361372.8
0.18 4.33952228573821 841002455464.624
0.1805 4.17144115018338 814824689877.475
0.181 3.99866733251826 787960306665.55
0.1815 3.81235242728709 758934893157.946
0.182 3.62292604142609 729551276751.847
0.1825 3.41898177891056 697295022754.412
0.183 3.23756693290124 668631279782.599
0.1835 3.02936250883571 635761680794.438
0.183999999999999 2.83482142186531 605230139187.766
0.1845 2.64515692524826 574974038490.378
0.185 2.4457210148749 543373080216.068
0.1855 2.25261795815622 512477353597.587
0.186 2.05051512241526 480235597702.737
0.1865 1.85087545166032 448316484631.655
0.187 1.6473668696747 415190318109.405
0.1875 1.43826441484094 381054495006.109
0.187999999999999 1.21608582814609 343663433616.674
0.1885 1.00269915542353 307835313684.659
0.189 0.770373282331278 268007875204.288
0.1895 0.54809764408243 229872021474.994
0.19 0.310868108234851 188528441720.396
0.1905 0.0887146747012171 149307144137.567
0.191 -0.0995587343453412 115687482069.886
0.1915 -0.255156930569313 87871776148.6004
0.192 -0.411966457529158 59360823373.269
0.1925 -0.534482695450877 36838178086.5544
0.193 -0.631994265326827 18282470313.2511
0.1935 -0.735866828818176 -1830674904.82755
0.194 -0.833954493031025 -21347682773.1143
0.1945 -0.898229759029509 -35276195319.5645
0.195 -0.923423613187416 -41564050897.6317
0.1955 -0.924450486220432 -43732443201.5527
0.196 -0.880290714314889 -37398577747.4394
0.1965 -0.874121506558857 -37487015418.9117
0.197 -0.847253683569665 -34033168439.2969
0.1975 -0.837738330595033 -33580522506.1002
0.198 -0.808758972153326 -29125998186.2299
0.1985 -0.779673980710776 -24885627512.282
0.198999999999999 -0.747364306192073 -19467096327.5349
0.1995 -0.718539865480254 -15293746290.5972
0.2 -0.68878950372961 -10409097620.0748
0.2005 -0.644726176496699 -2906312167.98613
0.201 -0.614878861002034 2141334288.52219
0.2015 -0.577426675915243 8246175947.57909
0.202 -0.535011223728915 15580172049.2359
0.2025 -0.527651329126989 16599834238.8664
0.203 -0.519658637012177 17750228402.5423
0.2035 -0.507123890724481 19539868340.9413
0.204 -0.501881942611213 20018235796.3858
0.2045 -0.514152007140123 17098176039.1319
0.205 -0.494504701916935 20456596404.8673
0.2055 -0.475157663140499 23902165143.0199
0.206 -0.476490957934912 23165115691.6853
0.2065 -0.47770953367819 22834172452.7392
0.207 -0.470778029051842 23908695914.4671
0.2075 -0.449338970744626 27690535346.8385
0.208 -0.42940124885461 31018581509.0164
0.208499999999999 -0.422980162699392 32006662753.0364
0.209 -0.416901280646686 33140788060.3844
0.2095 -0.392433607239121 37452940078.2885
0.21 -0.406601239928324 34733453814.2767
0.2105 -0.408507733623565 34363321639.0228
0.211 -0.401895706657926 35038854891.6536
0.2115 -0.382321686710869 38283972635.885
0.212 -0.401400284010281 34735474898.3823
0.2125 -0.389648119616068 36698415319.7553
0.213 -0.385288533616029 37289997402.8943
0.2135 -0.376527848827495 38595318197.4426
0.213999999999999 -0.371384428306673 39565708161.1012
0.2145 -0.353607169052854 42294041326.3452
0.215 -0.348559156404333 43116428844.2648
0.2155 -0.341652895390228 43915830325.8241
0.216 -0.343430779972644 43567357867.4364
0.2165 -0.32834909953869 46110681212.0839
0.217 -0.311651026158409 49043561254.4844
0.2175 -0.32363423730209 46764427752.1855
0.217999999999999 -0.324407606705613 46362759830.2878
0.2185 -0.323149887895281 46141186988.4783
0.219 -0.322335412058856 45729458969.7454
0.2195 -0.317180372032177 46133200740.2751
0.22 -0.327066547880935 43943245782.7708
0.2205 -0.324372745907501 44263386730.4493
0.221 -0.340270138146991 40956886647.2138
0.2215 -0.341194179891693 40250706166.4609
0.222 -0.333496703910866 41357661837.7887
0.2225 -0.319678503124284 43482470245.1108
0.223 -0.31502401877744 43949237588.319
0.223499999999999 -0.315932958568394 43469123899.4285
0.224 -0.315692158613582 43301340832.1959
0.2245 -0.307216395393007 44562786166.5092
0.225 -0.29145942931459 46895165173.519
0.2255 -0.293026053720729 45966473376.0999
0.226 -0.274008437342742 49047185559.9783
0.2265 -0.287965620219298 45985514371.3195
0.227 -0.257558676729085 51273421113.7484
0.2275 -0.259351482044089 50593808546.5149
0.228 -0.244958863253508 52902709654.8195
0.2285 -0.258477812246565 49929451260.6815
0.229 -0.242913641708837 52671794962.6931
0.2295 -0.24568101865934 51962489183.606
0.23 -0.234178612572998 53282460040.5253
0.2305 -0.24186375593546 51765427606.1403
0.231 -0.237414946746827 51924066850.9878
0.2315 -0.237170266008949 51836953808.3557
0.232 -0.227777349417365 53081471998.5944
0.2325 -0.227295901191513 52576712488.2589
0.233 -0.210413824390873 55193639305.9856
0.2335 -0.223970095778191 51734807712.5282
0.234 -0.216045847624612 52615172922.3383
0.2345 -0.214205333522142 52619587819.5135
0.235 -0.216295748213766 51691474039.3426
0.2355 -0.221716329991722 50132068944.2178
0.236 -0.235577481292012 46931913484.8941
0.2365 -0.223023840397299 48787335102.4047
0.236999999999999 -0.22593420075158 47678640189.9957
0.2375 -0.219372540843062 48464106183.1189
0.238 -0.232021280773327 45666427510.1956
0.238499999999999 -0.218569616527743 47617193260.9154
0.239 -0.231683551763832 44692942843.6977
0.2395 -0.210256200806598 48378651575.2136
0.24 -0.206270676410588 48696190230.0076
0.2405 -0.203428508712553 48831310521.8746
0.241 -0.196613297180519 49107779448.8184
0.2415 -0.189642027869037 50754287650.2444
0.242 -0.192542901068512 49503518785.1748
0.2425 -0.188654905343979 49685304650.0917
0.243 -0.174747231370945 51750513185.2721
0.2435 -0.179540693254599 49949541100.3021
0.244 -0.183618686126205 48561241462.3342
0.2445 -0.164928109462636 51745935612.6119
0.245 -0.176901577278888 49160070423.5352
0.2455 -0.175679387658902 48569476671.7322
0.246 -0.168095891937605 49599219702.0682
0.2465 -0.152267042925899 52028072963.3506
0.247 -0.155286383862244 51201776630.273
0.2475 -0.149711518452251 51498582108.612
0.247999999999999 -0.149286296349258 51502689567.1552
0.2485 -0.141143861196044 52330243168.5059
0.249 -0.13479794703324 52994458540.3536
0.2495 -0.127099945635165 53653113179.6534
0.25 -0.126436768879011 53439588921.0793
