# Fix print output for fix def1
-5.58043589222351e-16 0.00713009126311212 3090707359.46745
0.000499999999999347 0.0374106756539107 7779273291.52786
0.000999999999999476 0.0653971649188839 12129739964.0759
0.00149999999999938 0.0962680718870556 16944721703.5146
0.00199999999999951 0.12227370240786 20993943124.299
0.00249999999999942 0.150697560944145 25427300351.5539
0.00299999999999943 0.177915562733698 29684117561.8192
0.00349999999999945 0.207465016908104 34313475207.0057
0.00399999999999936 0.233774238521767 38415305455.9448
0.00449999999999948 0.262482534265355 42914733079.0314
0.00499999999999939 0.288715546177003 47034917482.8784
0.00549999999999952 0.316776031436747 51445797893.9842
0.00599999999999942 0.343503968544369 55628823271.0825
0.00649999999999955 0.370072887280811 59815038332.9304
0.00699999999999946 0.397301910191572 64107988760.1721
0.00749999999999936 0.425268259751445 68527352088.8824
0.00799999999999949 0.452919764890063 72873481681.4791
0.0084999999999994 0.479662520337786 77104224318.6909
0.00899999999999953 0.507506034215368 81499691607.1487
0.00949999999999943 0.533321316139987 85576927880.7574
0.00999999999999934 0.561888021715493 90115713131.0763
0.0104999999999995 0.58825726171568 94309456468.2505
0.0109999999999994 0.615670094587098 98644534474.0678
0.0114999999999995 0.642498549705869 102895499603.843
0.0119999999999994 0.669334916650147 107170952944.92
0.0124999999999995 0.696730260067081 111532695012.867
0.0129999999999994 0.722559592421684 115654478514.889
0.0134999999999993 0.749848959342746 120003849911.222
0.0139999999999995 0.775837849395965 124162354397.204
0.0144999999999994 0.802453391708954 128406949077.583
0.0149999999999995 0.828741064854317 132622921442.72
0.0154999999999994 0.854321136588781 136717227021.006
0.0159999999999995 0.881150378454618 141011441231.036
0.0164999999999994 0.907335149815997 145213841711.138
0.0169999999999994 0.93337725249414 149408014440.546
0.0174999999999995 0.960734639135371 153798200200.912
0.0179999999999994 0.986460615651799 157942013204.169
0.0184999999999995 1.01318557169811 162248321557.943
0.0189999999999994 1.0392084513163 166425700730.526
0.0194999999999996 1.06574996196211 170721870026.125
0.0199999999999995 1.09241443426796 175029051041.935
0.0204999999999994 1.1175800719493 179106126642.256
0.0209999999999995 1.14398128296322 183375352708.416
0.0214999999999994 1.16967995750684 187535532537.027
0.0219999999999995 1.19459608086747 191587164857.542
0.0224999999999994 1.22037668386017 195785343256.369
0.0229999999999996 1.24550902904452 199858119606.523
0.0234999999999995 1.2709033839739 204000448660.81
0.0239999999999994 1.29684904620861 208213094508.609
0.0244999999999995 1.32122019120808 212198012579.37
0.0249999999999994 1.34634083001349 216311561979.308
0.0254999999999995 1.37243779307221 220551018559.46
0.0259999999999994 1.39690936259442 224580393776.971
0.0264999999999993 1.42213866188065 228706584498.809
0.0269999999999995 1.44864332074199 233036556383.197
0.0274999999999994 1.47300595209078 237041600504.965
0.0279999999999995 1.49742181735355 241052921933.562
0.0284999999999994 1.52333169018569 245319392648.218
0.0289999999999995 1.54773892726758 249334405403.926
0.0294999999999994 1.5711520206114 253190108506.197
0.0299999999999994 1.59589518819493 257281612983.033
0.0304999999999995 1.62167358143794 261528192169.065
0.0309999999999994 1.64537921166452 265445858989.236
0.0314999999999993 1.66872327914827 269330706989.876
0.0319999999999994 1.69260613687841 273276046406.538
0.0324999999999996 1.71782834466816 277462536582.499
0.0329999999999995 1.74168914872423 281416080916.813
0.0334999999999994 1.76511749586915 285314079637.487
0.0339999999999993 1.78904897156044 289287836651.523
0.0344999999999996 1.81392154841272 293419243510.78
0.0349999999999995 1.83826429134517 297471537811.656
0.0354999999999994 1.86135419305227 301326244235.89
0.0359999999999993 1.88507624650396 305303634383.639
0.0364999999999992 1.90898990040451 309289853040.259
0.0369999999999996 1.93271560363314 313262171662.73
0.0374999999999995 1.95600818551543 317170107846.94
0.0379999999999994 1.97899241289615 321030420334.73
0.0384999999999993 2.00217840192051 324918943135.427
0.0389999999999994 2.02554201862582 328843238982.219
0.0394999999999996 2.04897038094108 332789016297.708
0.0399999999999995 2.07229687330346 336728247677.958
0.0404999999999994 2.09522314191341 340569999853.729
0.0409999999999993 2.11756768072116 344352728059.684
0.0414999999999994 2.14071426229393 348273785414.935
0.0419999999999995 2.16369514067048 352154890705.943
0.0424999999999994 2.18682155746023 356058379021.76
0.0429999999999994 2.20861980412544 359751796764.614
0.0434999999999993 2.2315609440976 363656039395.414
0.0439999999999996 2.25378486158223 367446082519.971
0.0444999999999995 2.27601223253102 371219459054.221
0.0449999999999994 2.29878348487486 375085283489.161
0.0454999999999993 2.32145023275393 378941281576.305
0.0459999999999995 2.34414377037593 382809665560.734
0.0464999999999996 2.36615713945724 386580835539.954
0.0469999999999995 2.38802896240678 390309003525.615
0.0474999999999994 2.4096218328484 394011474171.746
0.0479999999999993 2.4317091850128 397792225717.483
0.0484999999999994 2.45373994957416 401566466572.614
0.0489999999999996 2.47576834948031 405348802468.362
0.0494999999999995 2.49826341340362 409220027101.426
0.0499999999999994 2.51998424815661 412952053167.479
0.0504999999999993 2.54138837033702 416630536036.688
0.0509999999999996 2.56333590318751 420413175348.639
0.0514999999999995 2.58429525840529 424042713064.949
0.0519999999999994 2.60608325344469 427795826721.057
0.0524999999999993 2.62687960227948 431392254215.61
0.0529999999999992 2.6480554276023 435075243987.599
0.0534999999999996 2.66926520932572 438736822097.001
0.0539999999999995 2.69068150429603 442457509138.626
0.0544999999999994 2.71180832741163 446119567596.63
0.0549999999999993 2.7335461489473 449910077216.072
0.0554999999999994 2.75505126733831 453637972297.757
0.0559999999999996 2.77596958198184 457285377230.811
0.0564999999999995 2.79696121665864 460934618661.569
0.0569999999999994 2.81749476944223 464526139293.97
0.0574999999999993 2.83779225210481 468087644737.563
0.0579999999999994 2.85863185657191 471712245981.709
0.0584999999999996 2.88024813784979 475504427393.355
0.0589999999999995 2.90044024558477 479058584194.791
0.0594999999999994 2.920297285033 482538075543.184
0.0599999999999993 2.94023416163386 486049669243.446
0.0604999999999996 2.96094199332366 489676031875.069
0.0609999999999995 2.98075253318881 493184745812.765
0.0614999999999994 3.00108635253837 496768953016.641
0.0619999999999993 3.02116633045191 500306336307.148
0.0624999999999992 3.04111534306486 503830621473.509
0.0629999999999996 3.06145998363002 507439826399.797
0.0634999999999995 3.0811947809272 510940244791.143
0.0639999999999994 3.10183135012661 514594742680.638
0.0644999999999993 3.12115747307892 518008976190.839
0.0649999999999994 3.14103787104148 521544963780.941
0.0654999999999996 3.16078484154956 525061691100.263
0.0659999999999995 3.17992470896069 528480708921.355
0.0664999999999994 3.19885279340517 531860797475.937
0.0669999999999993 3.21728697291968 535148363814.076
0.0674999999999994 3.23649561596333 538599494810.603
0.0679999999999995 3.25628938170798 542125695931.401
0.0684999999999995 3.27602666438976 545665061872.113
0.0689999999999994 3.29597801809025 549225087421.2
0.0694999999999993 3.31534356469576 552702481930.289
0.0699999999999996 3.33531650766586 556270770856.757
0.0704999999999995 3.35432277675668 559684510537.376
0.0709999999999994 3.37306714123943 563079397482.543
0.0714999999999993 3.39144223111521 566402494191.975
0.0719999999999995 3.41002367589707 569758099560.25
0.0724999999999996 3.42871115980336 573152588304.25
0.0729999999999995 3.44637336050682 576350049405
0.0734999999999994 3.46526511719127 579754706270.396
0.0739999999999993 3.48401884379829 583157253715.297
0.0744999999999994 3.50228046598644 586482003210.543
0.0749999999999996 3.52102837822304 589876298578.375
0.0754999999999995 3.53958033286395 593253878953.306
0.0759999999999994 3.55773705357714 596569983148.713
0.0764999999999993 3.57599917944791 599879437015.201
0.0769999999999994 3.59415598821882 603222132162.214
0.0774999999999995 3.61244850081344 606540406920.309
0.0779999999999994 3.63073293965081 609886396278.2
0.0784999999999993 3.64800348515524 613064089231.945
0.0789999999999995 3.66500122678698 616183817119.265
0.0794999999999996 3.68340205007229 619558480671.265
0.0799999999999995 3.7009700369815 622790107938.224
0.0804999999999994 3.71922727887145 626158902042.856
0.0809999999999993 3.73757479073408 629534882551.934
0.0814999999999994 3.75517957478175 632763581923.186
0.0819999999999996 3.77217315421515 635908985392.425
0.0824999999999995 3.78986115477927 639176478328.264
0.0829999999999994 3.80730991563085 642402417152.566
0.0834999999999993 3.82511554233541 645711366160.192
0.0839999999999994 3.84228765461508 648877462746.282
0.0844999999999995 3.85867185813098 651939921542.329
0.0849999999999995 3.87555951284384 655092335657.352
0.0854999999999994 3.8931555888258 658356210652.051
0.0859999999999993 3.91108939901581 661698123576.078
0.0864999999999994 3.92828189813165 664903614438.731
0.0869999999999995 3.94491599246599 667993707463.199
0.0874999999999994 3.96144675783701 671100235298.972
0.0879999999999993 3.97866184727224 674317027547.211
0.0884999999999995 3.99547687907048 677483203449.394
0.0889999999999996 4.01256639317797 680683546818.902
0.0894999999999995 4.0300339389194 683940108749.917
0.0899999999999994 4.0461765977675 686995259466.623
0.0904999999999993 4.06240181496185 690041145463.696
0.0909999999999994 4.07960163137553 693275952660.305
0.0914999999999996 4.09621958188164 696420981072.464
0.0919999999999995 4.11270655315997 699524613070.068
0.0924999999999994 4.12915494944315 702629397176.854
0.0929999999999993 4.14464639467797 705574296902.371
0.0934999999999994 4.16134738710608 708745207617.97
0.0939999999999995 4.17760227843725 711821374653.591
0.0944999999999994 4.19318738550196 714798211719.214
0.0949999999999993 4.20872976454475 717762637179.043
0.0954999999999993 4.22536696522022 720931709376.583
0.0959999999999996 4.24137655880832 723980740061.735
0.0964999999999995 4.2567800553547 726933798263.72
0.0969999999999994 4.27232378098896 729909189816.053
0.0974999999999993 4.28831685989161 732974508467.206
0.0979999999999994 4.30396371472839 735986210655.078
0.0984999999999996 4.31936041249929 738935368819.217
0.0989999999999995 4.33411468892986 741820892796.399
0.0994999999999994 4.34757037538109 744499266889.292
0.0999999999999993 4.36003238387346 747013980642.017
0.100499999999999 4.37271261419895 749534715250.855
0.101 4.38288978451254 751658987058.117
0.101499999999999 4.39259112472699 753716943030.088
0.101999999999999 4.40260617773005 755810619602.49
0.102499999999999 4.41165647075554 757776804683.513
0.102999999999999 4.42076092985636 759703291170.47
0.1035 4.42803185424059 761373681198.714
0.103999999999999 4.43409670324117 762922754306.619
0.104499999999999 4.43950746206602 764263445169.639
0.104999999999999 4.44260478627781 765217734897.368
0.105499999999999 4.44741474891581 766544755432.086
0.105999999999999 4.4491739782898 767215184403.41
0.106499999999999 4.44962444567855 767843384316.092
0.106999999999999 4.44860382735854 768226397163.403
0.107499999999999 4.44767523139804 768605424240.803
0.108 4.4420232036628 768186712675.619
0.108499999999999 4.43395345232896 767333826297.617
0.108999999999999 4.42494653196563 766518176557.832
0.109499999999999 4.41155504693544 764892168271.291
0.109999999999999 4.39811900531903 763264732966.443
0.1105 4.38269393371478 761326982355.338
0.110999999999999 4.36074374134328 758308935270.706
0.111499999999999 4.34097172609036 755719383000.484
0.111999999999999 4.31411191045631 751879524259.485
0.112499999999999 4.2879492410951 748096927221.248
0.113 4.25762288535038 743839879571.599
0.113499999999999 4.2271721002836 739423779616.717
0.113999999999999 4.18952441670852 733892225194.106
0.114499999999999 4.15641674756904 729159261687.832
0.115 4.11279558960516 722759908672.622
0.115499999999999 4.06473229503007 715570430634.465
0.115999999999999 4.0163862477689 708206714559.963
0.116499999999999 3.96156804925003 699864466776.933
0.116999999999999 3.91148197460832 692241502366.05
0.1175 3.85403086800268 683551859139.308
0.117999999999999 3.79342956840153 674400665124.517
0.118499999999999 3.73095548412923 664819706245.475
0.118999999999999 3.66779857540293 654942555130.718
0.119499999999999 3.59582081990488 643980263824.122
0.12 3.51756392689018 631861560449.596
0.120499999999999 3.4428970983314 620288143540.634
0.120999999999999 3.36099248821202 607540780904.286
0.121499999999999 3.28019362419551 595057395473.554
0.121999999999999 3.17515968430207 578331150174.79
0.1225 3.0739818828027 562545081840.814
0.122999999999999 2.97683010866792 546939829052.074
0.123499999999999 2.87812647312311 530856302725.724
0.123999999999999 2.77485504076306 514508174505.933
0.1245 2.66243539431822 496203629131.017
0.124999999999999 2.55169747969627 477975204522.354
0.125499999999999 2.4324774245779 458812543594.151
0.125999999999999 2.30832720084485 438172737676.255
0.126499999999999 2.19673619703281 419891618783.598
0.127 2.0570166953256 396689707977.118
0.127499999999999 1.91544529234771 373281011209.451
0.127999999999999 1.77763611560746 349762472718.527
0.128499999999999 1.64678816429649 327734326776.449
0.128999999999999 1.50398361379425 303484904803.688
0.1295 1.35915866665643 278943343495.443
0.129999999999999 1.22317666993034 255656131258.991
0.130499999999999 1.09317787795977 233511120413.028
0.130999999999999 0.958156871361541 210076301716.698
0.1315 0.838240998590877 189525759680.565
0.132 0.741646067196433 172577556870.601
0.132499999999999 0.641187514949437 155511753849.671
0.132999999999999 0.576075729500856 144144076853.879
0.133499999999999 0.500061842613204 130925889630.928
0.134 0.41886523082589 116654130569.905
0.134499999999999 0.344224217058748 103960918765.587
0.134999999999999 0.290627783373642 94645728614.219
0.1355 0.227505413846466 83800914912.6243
0.135999999999999 0.18539208867272 76505883686.5791
0.1365 0.165126822274309 72738270557.631
0.136999999999999 0.139727080284727 68297851716.1093
0.137499999999999 0.115705265718763 64105182070.7755
0.137999999999999 0.0872800119217898 59044976947.9608
0.1385 0.0700673567153866 56046922539.5391
0.139 0.0226736523494461 47686953593.9857
0.139499999999999 -0.000131841143208888 42975907311.9465
0.139999999999999 -0.0256697805049092 38855620160.107
0.140499999999999 -0.0304301041780284 37431363859.5859
0.141 -0.0352424694380106 36571192906.5248
0.141499999999999 -0.0504029351720391 33330876268.4066
0.141999999999999 -0.0667760228079622 30587315538.6764
0.142499999999999 -0.0830489874760209 27443567867.9005
0.142999999999999 -0.0762214147631595 28618056531.3903
0.1435 -0.0815337259070947 27478020200.8452
0.143999999999999 -0.0851509526362502 26823476136.6016
0.144499999999999 -0.0882279141182009 26088585511.6539
0.144999999999999 -0.0872046468936903 25804228334.3231
0.145499999999999 -0.106033238796497 22079076581.1541
0.146 -0.0952706268427775 24094428456.4817
0.146499999999999 -0.0942640562573065 23755719593.6918
0.146999999999999 -0.0853412507482527 25257805968.7986
0.147499999999999 -0.0612470244775512 29603074988.3063
0.147999999999999 -0.0578130663745935 29691474487.6492
0.1485 -0.0569126988763197 29707512000.2535
0.148999999999999 -0.0597404490843322 29452663684.1142
0.149499999999999 -0.0526785733833251 30631449370.4712
0.149999999999999 -0.0407183674032483 32819748058.1148
0.1505 -0.0137374644352919 37102344087.4007
0.150999999999999 -0.0229885818498852 35493512943.6452
0.151499999999999 0.00145002513536213 39710162209.7255
0.151999999999999 0.00395487276068503 40255803848.4248
0.152499999999999 0.00137990314887938 39571328555.6689
0.153 0.0102058231522888 41207530162.3744
0.153499999999999 -0.00371888188931805 38751659318.4114
0.153999999999999 0.00242822949731594 39744178432.7084
0.154499999999999 -0.00843649779552373 37813812889.6885
0.154999999999999 0.00654107536406587 40053587250.8055
0.1555 0.00122850842276458 39068108885.0796
0.155999999999999 0.010461604438796 40423226568.4914
0.156499999999999 0.00186590975547902 38949216842.6861
0.156999999999999 0.00856601519927311 40102537322.7453
0.157499999999999 -0.0116715726459031 36539319308.6006
0.158 -0.0145538154118595 36293845417.1928
0.158499999999999 -0.0126826462276216 36354801872.1245
0.158999999999999 -0.000460473755645059 38590418217.8918
0.159499999999999 0.00560390242129275 39856000799.2284
0.16 0.00484078298413156 39371143918.7287
0.160499999999999 0.0012084666041104 38676773948.0201
0.160999999999999 0.0243742307711334 42973797170.6437
0.161499999999999 0.0206259947486579 42147192584.6068
0.161999999999999 0.0337244154348974 44676049400.999
0.1625 0.046751501253964 46918533864.7171
0.162999999999999 0.049235619767089 47370257589.3642
0.163499999999999 0.0533793216325548 48395424505.2712
0.163999999999999 0.0574076535580481 49277496374.824
0.164499999999999 0.0603515098020593 49833665380.02
0.165 0.0487764235198458 48128078944.9534
0.165499999999999 0.0509562202921725 48125025169.4578
0.165999999999999 0.0513947684215856 48137608239.3513
0.166499999999999 0.0572782471219428 49296150865.8034
0.167 0.0608252515993616 49566424348.6295
0.167499999999999 0.0707927866969967 51380975105.0624
0.167999999999999 0.0688568115624616 51269414269.1924
0.168499999999999 0.0749229314260199 52335093499.8064
0.168999999999999 0.0784914282639865 53096435436.3455
0.1695 0.0883407216871262 54737577725.99
0.169999999999999 0.0903428138289056 55206254032.032
0.170499999999999 0.109717625116199 58699009610.1718
0.170999999999999 0.102073550552315 57266260912.0567
0.171499999999999 0.0826753446700825 53554885420.6953
0.172 0.0866400950803382 54255748900.608
0.172499999999999 0.0888646542795866 54899934534.6171
0.172999999999999 0.081562685369258 52941683572.635
0.173499999999999 0.0791730762740717 52952424958.1761
0.173999999999999 0.0794195314518222 52995923177.7514
0.1745 0.0791117335639788 52688590519.8411
0.174999999999999 0.0833494952955956 53534886355.962
0.175499999999999 0.0855400033873273 53989942007.2446
0.175999999999999 0.0876931478079534 54176062214.5764
0.176499999999999 0.0792664604368489 52830221967.5562
0.176999999999999 0.0959319716415226 55990936012.5121
0.177499999999999 0.0900245685200865 54729915197.862
0.177999999999999 0.09156142042109 54983501403.5995
0.178499999999999 0.0978424530543416 56385915575.3917
0.179 0.0834126572593409 53687091305.6785
0.179499999999999 0.0907654674087775 54971631114.1165
0.179999999999999 0.0768735096222579 52440698039.4462
0.180499999999999 0.0804055071635351 52815925714.5154
0.180999999999999 0.0877359711140732 54370020419.2581
0.1815 0.0867770710621341 54360780936.9715
0.181999999999999 0.0803297646831778 52850338976.0658
0.182499999999999 0.0759342741419798 51815381654.7178
0.182999999999999 0.0665188629701057 50273347401.4232
0.183499999999999 0.0854683260861922 53531189153.903
0.183999999999999 0.0758521984071573 51867498867.3444
0.184499999999999 0.0780116447284229 52492815337.1923
0.184999999999999 0.0895399393531353 54557372909.5164
0.185499999999999 0.0855184932054602 53837821452.7654
0.186 0.100852194455037 56348103512.1935
0.186499999999999 0.110947205366717 58654718330.4128
0.186999999999999 0.102170821262624 56753453953.5225
0.1875 0.107625604084271 57739323831.9637
0.187999999999999 0.0979558762764149 56266547576.2498
0.1885 0.094518259547673 55437746974.0596
0.188999999999999 0.084492629427266 53370938547.8269
0.189499999999999 0.0866079020034164 54061588076.7863
0.189999999999999 0.0893862309361338 54807129736.0481
0.190499999999999 0.0881236944402159 54685427017.2319
0.191 0.107166837364959 57842119964.5425
0.191499999999999 0.110879279076441 58052535485.1162
0.191999999999999 0.115241213854883 59024140071.8539
0.192499999999999 0.118233344074806 59504037545.0898
0.192999999999999 0.118722459853016 59736032620.4606
0.193499999999999 0.0996536294715634 56357298401.3113
0.193999999999999 0.103727419840065 56763921802.0277
0.194499999999999 0.096208313109403 55604164812.9366
0.194999999999999 0.0875141302514918 53960244806.3795
0.1955 0.0958080076492473 55824858795.4719
0.195999999999999 0.101142529218025 56145741946.5235
0.196499999999999 0.104038513136459 56913065064.7057
0.197 0.109101096596401 58087802925.003
0.197499999999999 0.102250949324939 56471525243.8822
0.198 0.105121040505772 57377191955.6394
0.198499999999999 0.117560499554107 59551878598.4617
0.198999999999999 0.121868704806698 60454577014.6588
0.199499999999999 0.115560189173024 59033812318.3978
0.199999999999999 0.11090757937353 58362216727.2032
0.2005 0.109198790664526 57986923541.8783
0.200999999999999 0.0901846451308649 54449839094.3245
0.201499999999999 0.107484764347759 57937540261.4632
0.201999999999999 0.102419753333937 56702048726.852
0.2025 0.115727885369306 59482839443.5742
0.202999999999999 0.108863286134558 57931938113.9736
0.203499999999999 0.126060853851013 61347104979.08
0.203999999999999 0.116515800369816 59710359751.8803
0.204499999999999 0.124242205677199 60655164717.6163
0.205 0.100517296807679 56429424721.5322
0.205499999999999 0.107001947590963 57440123627.2076
0.205999999999999 0.10534318213687 57310108670.3823
0.206499999999999 0.101409100305071 56671071555.2765
0.206999999999999 0.0997465925286375 56184782074.9188
0.2075 0.115053598762644 59029182834.3297
0.207999999999999 0.109561567330351 58122666926.7471
0.208499999999999 0.100124919906598 56582807954.417
0.208999999999999 0.106078718389751 57388523702.0609
0.209499999999999 0.101224696751205 57026537504.9034
0.209999999999999 0.0905601852035905 54858661245.5012
0.210499999999999 0.108384552999725 57790423838.7968
0.210999999999999 0.107151161122198 57769225733.8214
0.211499999999999 0.112217702666164 58617998760.0579
0.211999999999999 0.107667471882799 57754995937.0681
0.212499999999999 0.100271635078955 56650089216.9515
0.212999999999999 0.115344589905755 58973333184.8401
0.213499999999999 0.124030401974172 60626719056.715
0.213999999999999 0.122437533790547 60605580070.997
0.2145 0.119161219378958 59864545951.1619
0.214999999999999 0.109211430860506 57985415732.9008
0.215499999999999 0.12181908582335 60573926719.3151
0.215999999999999 0.117262197498746 59831185308.0513
0.216499999999999 0.115678818604294 59449147769.4437
0.216999999999999 0.0995695707683379 56280102097.296
0.217499999999999 0.113073616414151 58784771103.1656
0.217999999999999 0.106217853454651 57487908313.878
0.218499999999999 0.0986953675036149 56042535008.7106
0.218999999999999 0.11443759353046 58924307382.2215
0.219499999999999 0.114402737828783 59028464254.7361
0.219999999999999 0.120921026323682 60219928667.1781
0.2205 0.112380810190362 58744479423.2781
0.220999999999999 0.123985085849227 60730864349.1072
0.2215 0.127347961509291 61201753677.3671
0.221999999999999 0.128293941074657 61541713470.5098
0.222499999999999 0.10979304908682 58342280573.1321
0.223 0.128319716917623 61588949610.2879
0.223499999999999 0.124772279708767 60933738591.186
0.224 0.128237485078993 61710853016.9083
0.224499999999999 0.125675931741349 61405357775.9015
0.224999999999999 0.127096361543959 61427488629.86
0.225499999999999 0.134395741124621 62672862159.0629
0.225999999999999 0.137847000436693 63236171885.3494
0.2265 0.126850768958116 61651158342.2242
0.226999999999999 0.135814737634016 63026262803.4475
0.227499999999999 0.127906404419004 61770423762.1555
0.227999999999999 0.121050106780952 60291615783.1055
0.228499999999999 0.130387433874283 61987963174.7547
0.228999999999999 0.10936120461767 58194803485.6982
0.229499999999999 0.110215218050796 58739580080.4484
0.23 0.110261463503994 58796086609.8359
0.230499999999999 0.116373170626633 59694988788.7259
0.231 0.117227875356458 59673130125.631
0.231499999999999 0.116977455997039 59759400664.4318
0.231999999999999 0.107922746499531 57922897263.6553
0.232499999999999 0.118451755912264 59916587784.3571
0.232999999999999 0.124623432594289 61293469788.3963
0.2335 0.121260232013195 60472790238.4492
0.233999999999999 0.118973428242052 60180283607.6051
0.234499999999999 0.125898491584538 61430300642.8697
0.234999999999999 0.120429758052731 60081027395.1692
0.235499999999999 0.132148998697512 62518217515.0449
0.235999999999999 0.122314386117289 61047506405.7109
0.236499999999999 0.140282689485898 64254530842.5346
0.236999999999999 0.141636673706888 64427300354.8112
0.237499999999999 0.139463868975924 63847518782.845
0.237999999999999 0.145018996664563 65078548923.3966
0.238499999999999 0.134416923909702 63410515733.3985
0.238999999999999 0.13966495044507 64002646985.7197
0.239499999999999 0.125643499488294 61728418249.8801
0.239999999999999 0.129594776354799 62556489853.4201
0.2405 0.130613766303892 62891961417.0857
0.240999999999999 0.133232353695533 63211071900.5919
0.241499999999999 0.133081312173755 62590827672.8495
0.241999999999999 0.132835081807768 63002833217.5537
0.242499999999999 0.122427843440861 61202606347.3723
0.243 0.141597198999926 64740676966.5217
0.243499999999999 0.135820015641409 63855018333.356
0.243999999999999 0.138515818647592 64051955523.2119
0.244499999999999 0.148811255366714 66007584485.4549
0.244999999999999 0.146483109240494 65762878466.7845
0.245499999999999 0.142965182323546 64726100468.3612
0.245999999999999 0.133872953583495 63211973084.318
0.246499999999999 0.133235088897944 63382755971.8312
0.246999999999999 0.135902154585204 63640334390.8341
0.247499999999999 0.131214321653763 62562358379.5229
0.247999999999999 0.13595396258402 63775256666.6723
0.248499999999999 0.127577136734353 62066870770.3254
0.248999999999999 0.12891510134614 62018070402.9653
0.249499999999999 0.133979888608674 63005945847.4887
0.25 0.131532451028595 63098223250.073
