# Fix print output for fix def1
8.92857154188234e-16 0.00577020442594259 2856222059.59175
0.00050000000000088 0.0355320573134663 7476357393.38532
0.00100000000000087 0.0633157566743005 11796709823.1541
0.00150000000000085 0.0923924746288584 16324916485.0954
0.00200000000000084 0.120271532855298 20673998285.6973
0.00250000000000094 0.148580434728592 25089395634.5471
0.00300000000000081 0.175872556411456 29372200788.5202
0.00350000000000091 0.203286817115424 33635496398.6057
0.00400000000000079 0.229939480347138 37810705125.609
0.00450000000000089 0.257279376011783 42102397353.7103
0.00500000000000087 0.28260669370569 46067241458.2448
0.00550000000000075 0.311378968544072 50597891221.5077
0.00600000000000085 0.335362123545203 54362115203.577
0.00650000000000095 0.363936724697449 58845182638.7938
0.00700000000000082 0.386825801746537 62461888361.0654
0.00750000000000092 0.416005344542252 67046634213.2813
0.00800000000000079 0.439677921053401 70795109247.6664
0.00850000000000089 0.46856745501224 75362595618.6271
0.00900000000000077 0.491774759893769 79026004328.3397
0.00950000000000087 0.519385954245839 83404689091.495
0.0100000000000007 0.545216254483525 87499463482.4892
0.0105000000000008 0.570862700369472 91557798394.1326
0.0110000000000009 0.597801039951724 95832990902.4765
0.0115000000000008 0.621738473380292 99628260201.1302
0.0120000000000009 0.650357149033663 104205589791.38
0.0125000000000008 0.674467288906064 108040212343.151
0.0130000000000009 0.701138130518016 112285926132.73
0.0135000000000008 0.727135486178162 116444665727.207
0.0140000000000009 0.751068483343765 120262423619.604
0.014500000000001 0.778621970165378 124660983986.081
0.0150000000000008 0.802261702082061 128456809341.599
0.0155000000000009 0.829081349252153 132743695699.451
0.0160000000000008 0.853882954162707 136727967760.411
0.0165000000000009 0.879075969241438 140757465583.002
0.0170000000000008 0.90517767606718 144962988839.369
0.0175000000000009 0.929298749114193 148843820756.652
0.0180000000000008 0.955581403764434 153060109130.984
0.0185000000000009 0.981237144807569 157197214920.568
0.019000000000001 1.00491422475127 161023245061.876
0.0195000000000008 1.03052683501722 165149487049.193
0.0200000000000009 1.05646950589471 169346856665.636
0.0205000000000008 1.08010835560051 173174773713.807
0.0210000000000009 1.10589668572456 177326814217.961
0.0215000000000008 1.13108492595414 181435100376.098
0.0220000000000009 1.15484219404582 185288287529.753
0.0225000000000007 1.18031811400561 189419814272.273
0.0230000000000008 1.20542711971957 193508434525.751
0.0235000000000009 1.23017203162871 197527382544.112
0.0240000000000008 1.25337529563831 201316278004.052
0.0245000000000009 1.27775820731053 205300087143.696
0.0250000000000008 1.3021331858109 209273475670.356
0.0255000000000009 1.32618358157281 213210956638.894
0.0260000000000008 1.34894860140483 216946297910.486
0.0265000000000009 1.37414581993081 221056740787.323
0.027000000000001 1.39954635746871 225229770148.384
0.0275000000000008 1.42320708373261 229107030062.255
0.0280000000000009 1.44810894791344 233189204123.694
0.0285000000000008 1.47269694163797 237235142063.855
0.0290000000000009 1.4961815675844 241092819838.286
0.0295000000000008 1.5193088811121 244924714198.52
0.0300000000000009 1.54502933691342 249138063067.729
0.0305000000000008 1.56875258486013 253060399573.707
0.0310000000000009 1.59193911475527 256902878499.849
0.031500000000001 1.61547487932533 260796732965.574
0.0320000000000008 1.63934652123435 264747998663.146
0.0325000000000009 1.66270212003917 268609063312.072
0.0330000000000008 1.68558288531265 272419653855.19
0.0335000000000009 1.70899789318874 276316215387.162
0.034000000000001 1.73255578188704 280230042155.029
0.0345000000000009 1.7554532573655 284042598127.261
0.0350000000000008 1.77866554673657 287892746351.856
0.0355000000000009 1.80040534867378 291535188774.908
0.036000000000001 1.82304934232523 295323018323.194
0.0365000000000008 1.84699242116364 299329684222.533
0.0370000000000009 1.87001227548223 303177470500.881
0.037500000000001 1.89171929753171 306820309272.778
0.0380000000000009 1.91518818878109 310747157494.667
0.0385000000000008 1.93893654818544 314736398563.028
0.0390000000000009 1.96175387638608 318558760814.622
0.039500000000001 1.98316681747108 322167095491.224
0.0400000000000008 2.00606363553749 326033151809.222
0.0405000000000009 2.02817532116957 329761682021.373
0.041000000000001 2.05100696361088 333591487875.901
0.0415000000000009 2.07357807591781 337432346451.313
0.0420000000000008 2.09414732218805 340904001879.172
0.0425000000000009 2.11550274753637 344513374991.305
0.043000000000001 2.13731591184051 348237386291.334
0.0435000000000009 2.15887163742395 351882148926.382
0.044000000000001 2.18042888204856 355558359768.672
0.0445000000000011 2.20136597081895 359126984885.143
0.0450000000000009 2.22287768971282 362780373537.506
0.0455000000000008 2.24431423280076 366429330930.443
0.0460000000000009 2.26617827481867 370160466338.092
0.046500000000001 2.28640648026853 373626772998
0.0470000000000009 2.30696889699113 377141196719.064
0.0475000000000008 2.3282919782492 380795171910.814
0.0480000000000009 2.34947174706177 384421677988.766
0.048500000000001 2.37113935043299 388140398705.626
0.0490000000000008 2.39288189620695 391859596819.553
0.0495000000000009 2.41443496216816 395560893214.537
0.050000000000001 2.43537903076955 399167505680.536
0.0505000000000009 2.45668195116782 402818126284.236
0.0510000000000008 2.47746559225411 406421339340.709
0.0515000000000009 2.49875099127153 410074361654.304
0.052000000000001 2.51871389952894 413529711572.401
0.0525000000000009 2.53990627671503 417188089798.395
0.053000000000001 2.56014396897163 420695554676.886
0.0535000000000011 2.58111635916858 424327092852.178
0.0540000000000009 2.60150022618482 427858563941.093
0.0545000000000008 2.6212890651254 431306458495.867
0.0550000000000009 2.64161072869066 434842600424.614
0.055500000000001 2.66177301242909 438365937900.994
0.0560000000000009 2.68216339313962 441904912746.775
0.056500000000001 2.70286450841537 445528088354.689
0.0570000000000011 2.72305766110791 449052817859.032
0.0575000000000009 2.74281019276858 452509534113.618
0.0580000000000008 2.76306731911326 456050135845.031
0.0585000000000009 2.78341028368369 459608807214.175
0.059000000000001 2.80347636976099 463130847859.905
0.0595000000000009 2.82305431058989 466553041693.46
0.0600000000000008 2.84233511454152 469954263030.294
0.0605000000000009 2.8623189406772 473475383104.082
0.061000000000001 2.88171921299053 476890068457.845
0.0615000000000008 2.90156458957754 480379348454.434
0.0620000000000009 2.9209056718703 483785329873.792
0.062500000000001 2.94000297482502 487176047562.665
0.0630000000000009 2.95968062082121 490646755329.045
0.0635000000000008 2.97913816231633 494102215039.222
0.0640000000000009 2.99762439377333 497365988611.655
0.064500000000001 3.01677890270676 500787821844.197
0.0650000000000009 3.03504231963071 504033914979.736
0.065500000000001 3.05444270475698 507464615553.479
0.0660000000000011 3.07316337065789 510813988535.714
0.0665000000000009 3.09202817824712 514179244154.405
0.0670000000000008 3.10992150469127 517397215490.517
0.0675000000000009 3.12961237262377 520894169859.805
0.068000000000001 3.14833631255349 524254505414.758
0.0685000000000009 3.16757750848499 527678840473.543
0.069000000000001 3.18575351019338 530942122061.966
0.0695000000000011 3.20497650911876 534388159910.302
0.070000000000001 3.22397815009192 537798304771.883
0.0705000000000008 3.24249836177714 541123374236.255
0.0710000000000009 3.26053612110603 544382063960.585
0.071500000000001 3.27854266874649 547612085143.184
0.0720000000000009 3.29736187702927 551008248140.963
0.0725000000000008 3.31503783039554 554211410069.998
0.0730000000000011 3.33285303438679 557455274037.181
0.073500000000001 3.35022908980644 560621443524.805
0.0740000000000008 3.36639138138223 563590791506.75
0.074500000000001 3.38244475090629 566553067914.299
0.0750000000000011 3.39876619444997 569576970030.763
0.0755000000000009 3.41354063940187 572318628964.339
0.0760000000000008 3.42839875343833 575115972099.407
0.0765000000000011 3.44361216811394 577967241143.781
0.077000000000001 3.45835070451666 580722439863.907
0.0775000000000009 3.47254068201351 583408274686.399
0.078000000000001 3.48638680709326 586042196640.241
0.0785000000000011 3.50051722950292 588679719995.471
0.0790000000000009 3.51165056196056 590862688776.739
0.0795000000000008 3.52211461932636 592949393915.306
0.0800000000000009 3.5340921073056 595245009546.302
0.080500000000001 3.54656174549324 597639201862.933
0.0810000000000009 3.55815240086975 599905757161.985
0.081500000000001 3.57004548664501 602184610337.815
0.0820000000000011 3.58141622049012 604430962880.539
0.082500000000001 3.59251743873645 606602968597.16
0.0830000000000008 3.60185901828609 608503472316.646
0.0835000000000009 3.61194005427524 610504444847.964
0.084000000000001 3.62055284616591 612352148467.439
0.0845000000000009 3.62827611417837 613984487769.25
0.085000000000001 3.63721431996688 615835954986.894
0.0855000000000011 3.64480492605692 617400335578.242
0.086000000000001 3.65313118167228 619143712313.633
0.0865000000000009 3.65847370254007 620489699889.062
0.087000000000001 3.66212706089709 621563689544.376
0.087500000000001 3.6640033362571 622283732409.785
0.0880000000000009 3.66090305806669 622301236861.014
0.0885000000000008 3.65474903877178 621868896336.198
0.0890000000000009 3.64709698075144 621035586316.492
0.089500000000001 3.64306990189105 620734107117.139
0.0900000000000009 3.63560758671127 619915703370.744
0.090500000000001 3.62420599642153 618610723554.289
0.0910000000000011 3.60583769275888 616151069182.05
0.0915000000000009 3.58941492396499 613885247247.61
0.0920000000000008 3.57534291339912 612065008597.055
0.0925000000000009 3.55632904550199 609452452704.297
0.093000000000001 3.53049742862791 605767310947.627
0.0935000000000009 3.51481163379903 603569953906.062
0.094000000000001 3.49133891111246 600205036047.637
0.0945000000000011 3.46483562500349 596404206319.387
0.095000000000001 3.43222627397922 591635013038.268
0.0955000000000008 3.39914621409359 586622395486.715
0.0960000000000009 3.37223381869562 582782661906.474
0.096500000000001 3.33603038902517 577312103516.767
0.0970000000000009 3.29377842926855 571046302922.021
0.097500000000001 3.25945394484955 565853005957.199
0.0980000000000011 3.21323401825639 559059448211.133
0.098500000000001 3.16769351845181 552158158949.533
0.0990000000000009 3.11771338296304 544612672689.939
0.099500000000001 3.05985166107007 535860722569.209
0.100000000000001 2.99044419276046 525178462467.13
0.100500000000001 2.9228771784541 514725342171.004
0.101000000000001 2.84829415865384 503174079947.797
0.101500000000001 2.7805905834303 492559171679.872
0.102000000000001 2.70693106798909 480818911396.438
0.102500000000001 2.6318226780452 469023492594.652
0.103000000000001 2.55326322422689 456606550333.683
0.103500000000001 2.46741488759049 442742547382.789
0.104000000000001 2.38299603837454 429113334478.048
0.104500000000001 2.3007384838807 416099388780.935
0.105000000000001 2.21296785573351 401797565158.339
0.105500000000001 2.13013367375294 388586267039.706
0.106000000000001 2.03585035302888 373131933170.182
0.106500000000001 1.94266531620403 357919646211.11
0.107000000000001 1.83730559791024 340629588450.422
0.107500000000001 1.74801855629556 326070512515.696
0.108000000000001 1.64377892841587 308792084314.442
0.108500000000001 1.53939341864661 291364456251.221
0.109000000000001 1.44044435561247 274736643371.975
0.109500000000001 1.3360758773666 257076039374.452
0.110000000000001 1.25107942811991 242903333123.186
0.110500000000001 1.14044537517172 223929363397.891
0.111000000000001 1.04129246619528 207043288899.019
0.111500000000001 0.952098236018035 191894778022.995
0.112000000000001 0.8501621356654 174537697063.923
0.112500000000001 0.753078423163821 158099575955.703
0.113000000000001 0.672302876320208 143892592952.27
0.113500000000001 0.599511662990461 131366446349.465
0.114000000000001 0.531250443816823 119435156447.036
0.114500000000001 0.474055808582779 109649895432.591
0.115000000000001 0.4346144923105 102823837381.089
0.115500000000001 0.396594406048072 96232645038.868
0.116000000000001 0.375741347443274 92769474619.3871
0.116500000000001 0.361381499662394 90185192397.4344
0.117000000000001 0.332766503092772 85446162926.705
0.117500000000001 0.306484465259467 80791691463.5569
0.118000000000001 0.271408496049318 74654885431.558
0.118500000000001 0.251977398466261 71176983869.4687
0.119000000000001 0.232627622611013 67523833930.6184
0.119500000000001 0.217925903086143 64944243212.2748
0.120000000000001 0.198729321093591 61597822371.6304
0.120500000000001 0.176797907957281 57632907381.875
0.121000000000001 0.156238033962669 54227595264.9863
0.121500000000001 0.138824171046486 50954348269.5905
0.122000000000001 0.13027390342177 49583790666.7034
0.122500000000001 0.129209733837973 49162868882.5779
0.123000000000001 0.134787507207238 49873280535.8242
0.123500000000001 0.127030909770164 48921087793.1492
0.124000000000001 0.127974558230625 48657366874.5306
0.124500000000001 0.118400043440184 47232564322.5575
0.125000000000001 0.109315973472921 45483156123.7433
0.125500000000001 0.107439605935832 45261896955.922
0.126000000000001 0.0962667080700587 43396457341.3999
0.126500000000001 0.102452638035447 44541800691.1033
0.127000000000001 0.0976720673230782 43591772886.4749
0.127500000000001 0.0924049414364787 42320752236.6417
0.128000000000001 0.0980635072207248 43077719776.4185
0.128500000000001 0.0868972530545072 41258260936.5474
0.129000000000001 0.0822573606695739 40176072507.9012
0.129500000000001 0.0702318452193394 38134937039.2559
0.130000000000001 0.0765671761816431 39102951779.1414
0.130500000000001 0.0838502643805733 40354480962.0364
0.131000000000001 0.0845301806051267 40280664130.7863
0.131500000000001 0.0943639963935723 42052752600.677
0.132000000000001 0.102416872146498 43490191527.2378
0.132500000000001 0.10585458962481 43943010770.4423
0.133000000000001 0.110323911632126 44763143933.1655
0.133500000000001 0.106675787400817 44219082756.1338
0.134000000000001 0.119888113697725 46336399967.9419
0.134500000000001 0.104449586290453 43690152724.0987
0.135000000000001 0.10886967633624 44386096039.8723
0.135500000000001 0.109540003544786 44365690831.3694
0.136000000000001 0.106302454272684 43718087909.1238
0.136500000000001 0.104382614442033 43041223539.5449
0.137000000000001 0.0997036888739838 42368285071.8594
0.137500000000001 0.103437231674608 43123080086.1628
0.138000000000001 0.0802590797973196 39293159155.4908
0.138500000000001 0.0948311279724466 41708232644.4213
0.139000000000001 0.0955356131336232 41738361414.4867
0.139500000000001 0.0922718157783646 41353041087.0889
0.140000000000001 0.107859312027629 43683497208.2736
0.140500000000001 0.100124332403194 42260966632.9234
0.141000000000001 0.108322447382158 43818393181.8472
0.141500000000001 0.108688983461694 44144861544.6569
0.142000000000001 0.104393931183247 43212133618.7756
0.142500000000001 0.107596824241977 43739201997.2286
0.143000000000001 0.103187522822553 43205984098.6942
0.143500000000001 0.0886936988461718 40564920007.0398
0.144000000000001 0.0880932935325254 39946951549.9234
0.144500000000001 0.0776460316166752 38480944020.2859
0.145000000000001 0.0910620865900413 40557652417.3952
0.145500000000001 0.0951193542358477 41592126481.7348
0.146000000000001 0.114488007267934 44842273690.0753
0.146500000000001 0.113490788816811 44932889570.0473
0.147000000000001 0.133346605810361 48235718591.2203
0.147500000000001 0.142899497850356 49853837824.3409
0.148000000000001 0.142727048637163 49994780184.7167
0.148500000000001 0.128805840445094 47715407025.0623
0.149000000000001 0.135519623775016 48882047019.5835
0.149500000000001 0.142951652933567 49910314501.2029
0.150000000000001 0.134819975535355 48552792025.6081
0.150500000000001 0.131908557499114 47985449164.7598
0.151000000000001 0.128075275947604 47534408793.4819
0.151500000000001 0.119805778691614 46266757646.3851
0.152000000000001 0.12760787507951 47253466332.2589
0.152500000000001 0.132172554194233 48369929946.6385
0.153000000000001 0.130315650489711 47807489310.1601
0.153500000000001 0.144648074948236 50566073357.0296
0.154000000000001 0.149982764001387 51434609230.3051
0.154500000000001 0.153053317901706 51760576668.2679
0.155000000000001 0.177118149657079 56239324577.6321
0.155500000000001 0.17556363452242 55948865806.8609
0.156000000000001 0.165233968394803 54044169255.0839
0.156500000000001 0.166618533091295 54642059416.7645
0.157000000000001 0.157826266251928 52684954070.8199
0.157500000000001 0.159062606527515 52928515210.31
0.158000000000001 0.148122273935921 50930288701.3703
0.158500000000001 0.148267270172616 51071182164.3885
0.159000000000001 0.142445498996467 50105026898.992
0.159500000000001 0.133644863193914 48454233331.0769
0.160000000000001 0.139103636651129 49474441267.0774
0.160500000000001 0.152118871440884 51937557393.2613
0.161000000000001 0.160783205039671 53573129920.4007
0.161500000000001 0.157517535359797 52983111200.5863
0.162000000000001 0.158057141034389 52954501722.2803
0.162500000000001 0.145860172115316 50684203645.1249
0.163000000000001 0.149228542354511 51428618902.9504
0.163500000000001 0.155722421691574 52619376837.8562
0.164000000000001 0.155010947280342 52471425474.1246
0.164500000000001 0.143649931095446 50651661447.6948
0.165000000000001 0.138884039106253 49485878891.2925
0.165500000000001 0.131422352772131 48255569339.618
0.166000000000001 0.140969503307606 49864140493.961
0.166500000000001 0.139875667012102 50000125191.9409
0.167000000000001 0.137160996004061 49197417228.7264
0.167500000000001 0.12663812766018 47402146752.6311
0.168000000000001 0.131375378791588 48130178696.9607
0.168500000000001 0.126817051704536 47665763888.5842
0.169000000000001 0.15240336818143 51982627874.4934
0.169500000000001 0.148990024850108 51592859895.2474
0.170000000000001 0.153672240329869 52492856688.1434
0.170500000000001 0.159600608021303 53654250330.7007
0.171000000000001 0.160555399002917 53756477939.1187
0.171500000000001 0.1595611259661 53577956594.6939
0.172000000000001 0.168288601910428 55187299589.7475
0.172500000000001 0.172969070762902 55845389506.7943
0.173000000000001 0.169064135931962 55318585397.3009
0.173500000000001 0.175120888385742 56423666200.4729
0.174000000000001 0.18256896245336 58008782396.3841
0.174500000000001 0.188495311200062 58756635100.7829
0.175000000000001 0.200563869973021 61089484894.5149
0.175500000000001 0.194308866666981 59957680264.6756
0.176000000000001 0.202344527263086 61558855367.7961
0.176500000000001 0.19934129623556 60734346021.1824
0.177000000000001 0.190908816359315 59241988658.3968
0.177500000000001 0.19388128319395 59986054301.2603
0.178000000000001 0.19803550970921 60729061519.2693
0.178500000000001 0.198459978263074 60711336811.3848
0.179000000000001 0.202595842363436 61515448257.7235
0.179500000000001 0.196888791460725 60547173456.1429
0.180000000000001 0.204081081363302 62069966415.2156
0.180500000000001 0.204327644637503 62106385869.6973
0.181000000000001 0.201741728731093 61572529183.9519
0.181500000000001 0.202753864817964 61655159782.0764
0.182000000000001 0.201135293398318 61469335076.0446
0.182500000000001 0.201153023303081 61641644737.1739
0.183000000000001 0.187634023876749 58944259739.0031
0.183500000000001 0.207874444714041 62552496715.7725
0.184000000000001 0.200289736132145 61238094554.9328
0.184500000000001 0.201521971766881 61502758547.7395
0.185000000000001 0.193147386350521 60124805085.4595
0.185500000000001 0.199083816424996 60989923253.677
0.186000000000001 0.199364551627826 61284860807.8738
0.186500000000001 0.204849087737792 62223680246.0926
0.187000000000001 0.208269782269076 62846338731.1722
0.187500000000001 0.214944261233888 64018964426.5973
0.188000000000001 0.218598979934535 64788370233.9986
0.188500000000001 0.214794907969803 64070704417.3831
0.189000000000001 0.210169727518992 63297364649.3049
0.189500000000001 0.219544223814081 64861340244.7651
0.190000000000001 0.222896053107434 65926309759.3062
0.190500000000001 0.238380934571018 68472348140.7321
0.191000000000001 0.229940945655882 66957677016.2008
0.191500000000001 0.230413627260969 67127751853.2774
0.192000000000001 0.242444578006936 69447785727.2441
0.192500000000001 0.236606350775826 68358008523.9018
0.193000000000001 0.227979492592578 67071070390.0097
0.193500000000001 0.221833022952189 65832603669.4541
0.194000000000001 0.223549683071976 66135365743.7086
0.194500000000001 0.216120563538743 64785190336.3112
0.195000000000001 0.217853924253336 65209715896.1402
0.195500000000001 0.21095728676151 64094527050.2419
0.196000000000001 0.223535841819399 66106778584.767
0.196500000000001 0.222740635507238 66152995811.6518
0.197000000000001 0.226792023166986 67085201615.3764
0.197500000000001 0.241042580881506 69945005223.7138
0.198000000000001 0.237485890708619 69143040211.7406
0.198500000000001 0.23844943216324 69024461611.5562
0.199000000000001 0.22952149473287 67611446091.5572
0.199500000000001 0.230173960363424 67577584783.0139
0.200000000000001 0.21990733446511 65993890033.0235
0.200500000000001 0.22000677527456 65807670290.5142
0.201000000000001 0.215526991448527 64999586773.8985
0.201500000000001 0.214553517783115 64543964701.0948
0.202000000000001 0.215613117226566 65102843129.3711
0.202500000000001 0.222711424171339 66281925867.3682
0.203000000000001 0.232752199793721 68328131774.0616
0.203500000000001 0.230695721896144 67953941797.1624
0.204000000000001 0.241625728536416 69809692895.8809
0.204500000000001 0.225632421619103 67076758061.1855
0.205000000000001 0.237771575169561 69107430304.2446
0.205500000000001 0.236416352587601 68804183700.3226
0.206000000000001 0.240040540385162 69620578834.3678
0.206500000000001 0.240860574707735 70075743434.5768
0.207000000000001 0.236764351603449 69448963778.9423
0.207500000000001 0.233519144697376 68644840452.2673
0.208000000000001 0.220748676930316 66536009409.6126
0.208500000000001 0.225764445053245 67275192016.7188
0.209000000000001 0.22165831119857 66502807447.223
0.209500000000001 0.218022171261003 65928978378.2712
0.210000000000001 0.216117459693546 65413835497.4929
0.210500000000001 0.210851211852166 64663392298.8634
0.211000000000001 0.207498158752804 63813559571.1505
0.211500000000001 0.197185191876104 62060370297.1171
0.212000000000001 0.198421082220665 62556514328.0697
0.212500000000001 0.212273948677381 64897276035.4841
0.213000000000001 0.22051265199595 66546176924.8311
0.213500000000001 0.222340491180718 67078109500.6186
0.214000000000001 0.233908216962129 68919635156.3506
0.214500000000001 0.237418563864693 69637305185.1543
0.215000000000001 0.233836031717802 68976820907.2355
0.215500000000001 0.232182308441315 68710338494.3567
0.216000000000001 0.235417779288896 69400651123.575
0.216500000000001 0.234449288821727 69447874328.577
0.217000000000001 0.23529036571384 69266571896.6316
0.217500000000001 0.241468567428105 70819094547.965
0.218000000000001 0.237777190030902 70182745030.8715
0.218500000000001 0.227682038799347 68041029747.9632
0.219000000000001 0.226888269980599 67901451758.9695
0.219500000000001 0.227916323641131 68431605707.1993
0.220000000000001 0.222106671111214 67156872248.7827
0.220500000000001 0.236104367537164 70041060332.363
0.221000000000001 0.226717215293177 68063371023.9935
0.221500000000001 0.225544732376929 67879186983.6694
0.222000000000001 0.227307830632254 68065036172.4624
0.222500000000001 0.227035386219333 68223718890.8625
0.223000000000001 0.225296353186499 67960593739.9317
0.223500000000001 0.227765646869791 68592977786.5568
0.224000000000001 0.233976328898262 69626251890.0504
0.224500000000001 0.228794501031754 68811875651.3259
0.225000000000001 0.227902804279238 68452476749.1029
0.225500000000001 0.236656825529089 70154503397.6581
0.226000000000001 0.238717237713271 70539696076.0656
0.226500000000001 0.244132080521489 71760906391.09
0.227000000000001 0.24430202217672 71777825860.485
0.227500000000001 0.239496524561304 70889272850.6128
0.228000000000001 0.240043623201072 70951258155.5059
0.228500000000001 0.24190844710944 71271727358.6135
0.229000000000001 0.249125393668261 72830363088.6068
0.229500000000001 0.24870654551295 72664871378.4262
0.230000000000001 0.247261554149578 72493824274.1606
0.230500000000001 0.255548523938947 74192854316.0956
0.231000000000001 0.25522267676274 74211850697.7626
0.231500000000001 0.256622063243644 74501173173.8746
0.232000000000001 0.26279185601222 75663249851.301
0.232500000000001 0.269047294896922 76767923159.8203
0.233000000000001 0.271351872956452 77327967337.8195
0.233500000000001 0.259966151984348 75172772376.0971
0.234000000000001 0.267514846910188 76817375368.7113
0.234500000000001 0.256359668453233 74489807618.1505
0.235000000000001 0.262799099834422 75662122898.6514
0.235500000000001 0.258954196247003 75036501572.4577
0.236000000000001 0.249515794601662 73323969974.1973
0.236500000000001 0.251464578292788 74050277937.9548
0.237000000000001 0.247205197617401 73076078126.9064
0.237500000000001 0.245457664159092 72926991602.8825
0.238000000000001 0.245767033953255 72902312138.6057
0.238500000000001 0.243628865369351 72424271781.023
0.239000000000001 0.251701770819952 74216325475.4168
0.239500000000001 0.243196643621916 72432914404.8607
0.240000000000001 0.246290773897853 73182401992.6653
0.240500000000001 0.248601635601355 73549301813.6127
0.241000000000001 0.251759355474975 73912985063.6951
0.241500000000001 0.240928561039889 72110783439.0632
0.242000000000001 0.240603546015981 72105508184.3909
0.242500000000001 0.243172579960527 72562281455.2265
0.243000000000001 0.244991831203803 72969746817.3332
0.243500000000001 0.244737106814503 72897609856.5807
0.244000000000001 0.237971144773979 71557842733.6125
0.244500000000001 0.237450319973184 71777558626.9114
0.245000000000001 0.236042668761187 71431307017.0581
0.245500000000001 0.244959363509091 73032611486.8563
0.246000000000001 0.246701973202433 73731027570.5896
0.246500000000001 0.245515173134547 73179138480.1393
0.247000000000001 0.251426380274133 74434010388.5095
0.247500000000001 0.252175845447745 74621879608.0019
0.248000000000001 0.25021598782629 74208164859.2191
0.248500000000001 0.248536399579613 74072387664.6735
0.249000000000001 0.258444976247046 75944960981.0948
0.249500000000001 0.261625381328464 76735719213.6914
0.250000000000001 0.261997788373736 76388037044.3059
