# Fix print output for fix def1
-5.58043589222351e-16 0.00647489053090526 2967238338.15128
0.000499999999999347 0.0359276036105016 7531647582.92709
0.000999999999999476 0.064539441571341 11979003787.8115
0.00149999999999938 0.0947046094618551 16676006104.7134
0.00199999999999951 0.121913209148147 20939413226.7849
0.00249999999999942 0.149997265128783 25309774611.3418
0.00299999999999943 0.177335646938479 29572980091.2498
0.00349999999999945 0.205853226187482 34044223448.2131
0.00399999999999936 0.233234528470603 38317801166.9476
0.00449999999999948 0.261179716217049 42699746158.4682
0.00499999999999939 0.287555430877326 46832183592.4046
0.00549999999999952 0.315785566839877 51285088215.81
0.00599999999999942 0.342553404521916 55473041167.7401
0.00649999999999955 0.369472709513759 59715193646.4985
0.00699999999999946 0.396670922018477 63995320663.369
0.00749999999999936 0.424526363687272 68390396137.7549
0.00799999999999949 0.452018730837639 72733361460.3873
0.0084999999999994 0.478896779733803 76974793988.2736
0.00899999999999953 0.507155863259213 81439246435.9873
0.00949999999999943 0.532611289965245 85446013583.4362
0.00999999999999934 0.561148536060555 89986113018.6151
0.0104999999999995 0.587271063130298 94119954256.4681
0.0109999999999994 0.615017360824422 98528034808.937
0.0114999999999995 0.641584146041338 102752677782.166
0.0119999999999994 0.668170509640314 106971076378.623
0.0124999999999995 0.695993339520449 111411496114.221
0.0129999999999994 0.721473052381313 115450278078.934
0.0134999999999993 0.749067765710943 119856739496.045
0.0139999999999995 0.774951341365591 124020773826.369
0.0144999999999994 0.801651511545264 128272254467.282
0.0149999999999995 0.827986191756398 132478143290.936
0.0154999999999994 0.85329435088789 136540554247.891
0.0159999999999995 0.88078038940769 140945168524.95
0.0164999999999994 0.906446062420347 145057212768.779
0.0169999999999994 0.932435208229162 149248742382.834
0.0174999999999995 0.960080387960611 153688517579.297
0.0179999999999994 0.984844320452914 157660878059.795
0.0184999999999995 1.01248808405078 162130488339.467
0.0189999999999994 1.03866306055184 166334347966.034
0.0194999999999996 1.06404055653207 170442865995.04
0.0199999999999995 1.09173646834353 174895576978.95
0.0204999999999994 1.11671152311852 178962825779.342
0.0209999999999995 1.14244857011228 183114191179.654
0.0214999999999994 1.16897216889528 187408527733.4
0.0219999999999995 1.19296317089274 191323236544.993
0.0224999999999994 1.21884199592947 195504170710.962
0.0229999999999996 1.2451585266704 199790978765.615
0.0234999999999995 1.2695912008753 203768348176.404
0.0239999999999994 1.2958226898596 208035187853.406
0.0244999999999995 1.32123646766193 212194090348.269
0.0249999999999994 1.34524037104438 216115514112.919
0.0254999999999995 1.37025894196291 220185942302.268
0.0259999999999994 1.39636683317954 224470771023.961
0.0264999999999993 1.42110610850522 228509637394.388
0.0269999999999995 1.44624884291283 232641579438.135
0.0274999999999994 1.47225895698791 236907248127.385
0.0279999999999995 1.49723647785484 241000622851.025
0.0284999999999994 1.52189680924852 245062551535.047
0.0289999999999995 1.5462503988087 249079095701.296
0.0294999999999994 1.57127371846997 253197294695.402
0.0299999999999994 1.59548453434755 257190760459.627
0.0304999999999995 1.62016856196194 261266906372.581
0.0309999999999994 1.64439457065082 265261473648.815
0.0314999999999993 1.66899133118143 269336315981.737
0.0319999999999994 1.69239078532696 273217041503.331
0.0324999999999996 1.71616147437217 277174433852.396
0.0329999999999995 1.74069737027717 281228454604.868
0.0334999999999994 1.76491504555937 285241115010.851
0.0339999999999993 1.78878683327526 289234164254.627
0.0344999999999996 1.8126141157799 293189012423.864
0.0349999999999995 1.83695880371394 297254078599.916
0.0354999999999994 1.86096602852667 301249712840.761
0.0359999999999993 1.88485640587357 305242315392.661
0.0364999999999992 1.90796305706262 309099100762.099
0.0369999999999996 1.93095170102142 312946339810.808
0.0374999999999995 1.95502272645929 317000345362.394
0.0379999999999994 1.97842309884451 320905140998.738
0.0384999999999993 2.00180041835271 324850815803.109
0.0389999999999994 2.02483290318437 328712973382.206
0.0394999999999996 2.04725521531682 332481389614.03
0.0399999999999995 2.07042784625106 336391373611.986
0.0404999999999994 2.09408125652106 340365108325.006
0.0409999999999993 2.1172508927292 344279870661.962
0.0414999999999994 2.14017210369882 348140546773.955
0.0419999999999995 2.16232405780644 351909542940.575
0.0424999999999994 2.18479762388941 355712737727.815
0.0429999999999994 2.20724463198825 359511321051.261
0.0434999999999993 2.23072588135465 363490546769.422
0.0439999999999996 2.25349919752597 367370033728.402
0.0444999999999995 2.2757455031682 371143161024.895
0.0449999999999994 2.29804503828924 374945622235.629
0.0454999999999993 2.32010552648351 378696111330.196
0.0459999999999995 2.34223078225426 382472353568.102
0.0464999999999996 2.3641853348512 386216368480.346
0.0469999999999995 2.38647898385643 390021123420.6
0.0474999999999994 2.40916987127336 393909632629.842
0.0479999999999993 2.43131256597367 397695951106.897
0.0484999999999994 2.45375897267908 401537184998.124
0.0489999999999996 2.47505597300989 405194635897.348
0.0494999999999995 2.49675055781228 408918156763.544
0.0499999999999994 2.51829831492493 412632676142.45
0.0504999999999993 2.54002492763229 416384692987.936
0.0509999999999996 2.56169580365147 420110146409.939
0.0514999999999995 2.58293268127765 423788094422.194
0.0519999999999994 2.6051424624221 427619756715.748
0.0524999999999993 2.62638167951851 431288954483.189
0.0529999999999992 2.64751872537711 434939760666.771
0.0534999999999996 2.66896082492897 438660815938.954
0.0539999999999995 2.69051532408557 442388315379.951
0.0544999999999994 2.71145986269548 446031826075.544
0.0549999999999993 2.73299805516292 449765088777.516
0.0554999999999994 2.75381849880247 453395904237.73
0.0559999999999996 2.77473365834017 457036071018.52
0.0564999999999995 2.79597060372944 460740905477.953
0.0569999999999994 2.81672647248144 464364132963.583
0.0574999999999993 2.83704604898835 467912324329.414
0.0579999999999994 2.85800806604043 471589694110.452
0.0584999999999996 2.8787979762798 475219948623.303
0.0589999999999995 2.89901060974939 478780781486.307
0.0594999999999994 2.91906590126257 482295321442.931
0.0599999999999993 2.93923956496762 485839119008.977
0.0604999999999996 2.96005805999827 489498363955.432
0.0609999999999995 2.9796225856223 492959453638.616
0.0614999999999994 3.00010826877387 496566620593.505
0.0619999999999993 3.02061986652666 500179811255.913
0.0624999999999992 3.04082186322709 503744976109.795
0.0629999999999996 3.06090446941594 507302665522.763
0.0634999999999995 3.08097219166012 510858325597.43
0.0639999999999994 3.1006128393142 514334657918.578
0.0644999999999993 3.12041191899588 517858239500.481
0.0649999999999994 3.14006365643526 521345986391.267
0.0654999999999996 3.15986124183443 524869268048.404
0.0659999999999995 3.17898747658152 528281865938.828
0.0664999999999994 3.1985349238621 531763197327.96
0.0669999999999993 3.21727024966324 535111894641.146
0.0674999999999994 3.23622286621612 538509263185.423
0.0679999999999995 3.25590544062166 542015008070.202
0.0684999999999995 3.27525590741707 545486888087.696
0.0689999999999994 3.29535133744465 549072464589.308
0.0694999999999993 3.31462218124765 552544117832.266
0.0699999999999996 3.33419673921117 556028909681.367
0.0704999999999995 3.35326954416674 559477717329.584
0.0709999999999994 3.37179552809987 562821369887.201
0.0714999999999993 3.39041228668646 566187879047.174
0.0719999999999995 3.40934565198644 569605999483.108
0.0724999999999996 3.42741088182371 572857091950.304
0.0729999999999995 3.44619062872269 576262502286.292
0.0734999999999994 3.46491568992898 579654027395.04
0.0739999999999993 3.4833930397602 583000402755.469
0.0744999999999994 3.50161706024715 586304038019.078
0.0749999999999996 3.51997855043357 589643918402.001
0.0754999999999995 3.53871700427998 593054370423.139
0.0759999999999994 3.55699162249308 596379116133.282
0.0764999999999993 3.57507957576059 599686186979.266
0.0769999999999994 3.59303086753652 602958941654.094
0.0774999999999995 3.61134887830911 606310776628.569
0.0779999999999994 3.62956997980501 609634923990.984
0.0784999999999993 3.647394742438 612905252699.24
0.0789999999999995 3.66517789520982 616167397998.456
0.0794999999999996 3.68308376168617 619454072908.493
0.0799999999999995 3.70089960298821 622730049407.696
0.0804999999999994 3.71818158195252 625916014746.155
0.0809999999999993 3.73623818014243 629238126919.845
0.0814999999999994 3.75436635228226 632569777315.915
0.0819999999999996 3.77202483673028 635821492898.541
0.0824999999999995 3.79025829982914 639190550254.224
0.0829999999999994 3.80713721423009 642319596819.586
0.0834999999999993 3.82446904940547 645535121617.075
0.0839999999999994 3.8413999212912 648664251915.988
0.0844999999999995 3.85892918967788 651948987101.951
0.0849999999999995 3.87540001738765 654999012946.291
0.0854999999999994 3.89267670419212 658221550002.582
0.0859999999999993 3.91025182252538 661494201515.826
0.0864999999999994 3.92751768697858 664702440947.077
0.0869999999999995 3.94488637394361 667946049620.031
0.0874999999999994 3.96121908271939 671003085496.936
0.0879999999999993 3.97784881755668 674127783663.24
0.0884999999999995 3.99490621079794 677309877528.094
0.0889999999999996 4.01201568016935 680518893194.365
0.0894999999999995 4.02931388380031 683749549665.939
0.0899999999999994 4.04537297487533 686779882954.33
0.0904999999999993 4.06188039797488 689884669504.093
0.0909999999999994 4.07930919233026 693163426642.662
0.0914999999999996 4.09564617533839 696251765417.961
0.0919999999999995 4.11210594228109 699355455419.29
0.0924999999999994 4.12831799338939 702425313622.008
0.0929999999999993 4.14477105822612 705536359809.122
0.0934999999999994 4.16055127703523 708531404652.148
0.0939999999999995 4.17711801463037 711686964441.586
0.0944999999999994 4.19265587900553 714643954468.902
0.0949999999999993 4.20834989558372 717646380530.028
0.0954999999999993 4.2249665634295 720804462605.411
0.0959999999999996 4.24125870613745 723906464663.904
0.0964999999999995 4.25643368462869 726801920038.198
0.0969999999999994 4.2720123825835 729802871830.735
0.0974999999999993 4.28807275102611 732868023319.508
0.0979999999999994 4.30350525583169 735831372485.204
0.0984999999999996 4.31911330707653 738827679669.832
0.0989999999999995 4.33485997731378 741847849114.113
0.0994999999999994 4.35024168888259 744809210377.711
0.0999999999999993 4.36577538848085 747803235911.574
0.100499999999999 4.3818333843815 750874574299.703
0.101 4.39730455284071 753865137886.68
0.101499999999999 4.41204818660831 756731911938.782
0.101999999999999 4.42733800474203 759685424129.738
0.102499999999999 4.44255206873586 762628075535.007
0.102999999999999 4.457853146744 765606396795.605
0.1035 4.47241559186037 768446222026.16
0.103999999999999 4.48746597954405 771397124596.585
0.104499999999999 4.50057019429285 774017902249.041
0.104999999999999 4.51218427932371 776443728108.733
0.105499999999999 4.52371448267592 778831604326.536
0.105999999999999 4.53626802353388 781306943633.364
0.106499999999999 4.54506108042844 783281554105.437
0.106999999999999 4.55432479552396 785289268960.767
0.107499999999999 4.56222293929263 787041348539.751
0.108 4.56965943124122 788785320852.846
0.108499999999999 4.57223095841145 789679937695.496
0.108999999999999 4.57437651685554 790564733511.162
0.109499999999999 4.58020822367247 791966696229.735
0.109999999999999 4.58455252471419 793180794865.196
0.1105 4.5849513274688 793776399898.449
0.110999999999999 4.58492241246114 794320019965.12
0.111499999999999 4.58201492226217 794406166009.014
0.111999999999999 4.57320420316156 793409874885.703
0.112499999999999 4.57096936431721 793587749406.217
0.113 4.56453488728941 793132373284.082
0.113499999999999 4.55506632415978 792129383790.626
0.113999999999999 4.54515063962319 791043520604.091
0.114499999999999 4.53272418254389 789603465808.962
0.115 4.51338012286359 786971175228.538
0.115499999999999 4.49512168018421 784611307003.843
0.115999999999999 4.47314602541993 781721842182.904
0.116499999999999 4.44797025198258 778193284375.906
0.116999999999999 4.42207771838057 774635360337.453
0.1175 4.3899065134744 769982381758.159
0.117999999999999 4.35234905891935 764450792356.198
0.118499999999999 4.31314886029052 758745269861
0.118999999999999 4.26439111670116 751335216224.861
0.119499999999999 4.22172245962985 745092212229.432
0.12 4.1746596107486 738132577837.594
0.120499999999999 4.12373570125876 730579075558.647
0.120999999999999 4.07648833632211 723507424726.382
0.121499999999999 4.02136055266276 715137470487.401
0.121999999999999 3.96050708983999 705947441764.426
0.1225 3.89613544859049 696228835397.772
0.122999999999999 3.81412492435664 683371588012.686
0.123499999999999 3.74927161152584 673481185391.597
0.123999999999999 3.67074049301488 661376866499.815
0.1245 3.5891846688374 648696191129.077
0.124999999999999 3.50468292791114 635659802170.866
0.125499999999999 3.41663192829871 622198254137.892
0.125999999999999 3.30727790949253 605119295916.028
0.126499999999999 3.20336874626574 588651865218.867
0.127 3.10010090241253 572478027385.6
0.127499999999999 2.98228439506713 553847628332.091
0.127999999999999 2.86820942925697 535583849906.732
0.128499999999999 2.7455689153352 516269190307.37
0.128999999999999 2.61646596049121 495434440278.934
0.1295 2.47382923842771 472464067712.416
0.129999999999999 2.33613049667103 449956946012.998
0.130499999999999 2.20067949928477 427869711503.869
0.130999999999999 2.0489049116881 402713732563.02
0.1315 1.91122880997166 379763506515.139
0.132 1.74584947244716 352338535890.959
0.132499999999999 1.60008485139541 327239712659.425
0.132999999999999 1.44952387086701 301636126784.121
0.133499999999999 1.30669195815826 277108512428.478
0.134 1.16568776619281 252806465561.252
0.134499999999999 1.01771933951393 227191896245.925
0.134999999999999 0.872453236309045 202118720651.002
0.1355 0.733240275745271 177641212564.973
0.135999999999999 0.623041302804601 158500247389.129
0.1365 0.523774515947728 141436725499.975
0.136999999999999 0.470232649362439 131603977109.534
0.137499999999999 0.414197059971428 121719860793.152
0.137999999999999 0.345616691828054 109968776100.814
0.1385 0.289237558853893 99930359202.2214
0.139 0.22979140623339 89663181516.8713
0.139499999999999 0.177879387079259 80270172209.3533
0.139999999999999 0.132620546380193 72202432884.2481
0.140499999999999 0.0849077351190938 63590756644.4618
0.141 0.0580750328832447 58918478042.3232
0.141499999999999 0.00987108999057754 50025885737.691
0.141999999999999 -0.0234275073356927 43919933429.3985
0.142499999999999 -0.0481090303535376 38990736370.372
0.142999999999999 -0.069653026722896 34948308273.3522
0.1435 -0.0802488547225926 32500817775.0568
0.143999999999999 -0.0741088503809559 33030723127.908
0.144499999999999 -0.0770176899328128 32204420225.6535
0.144999999999999 -0.0929739895194303 29394989091.6962
0.145499999999999 -0.0905121022102418 29339590701.052
0.146 -0.0809700940812072 30942876046.9323
0.146499999999999 -0.0886603491862657 29112519045.3065
0.146999999999999 -0.108404115504039 25722906237.2923
0.147499999999999 -0.103447650762774 26686494105.3267
0.147999999999999 -0.107679687861743 25667161854.7473
0.1485 -0.103635653884223 26311329902.1436
0.148999999999999 -0.100868820938257 26304459960.0499
0.149499999999999 -0.0956268801168653 27072445279.0854
0.149999999999999 -0.0934884527334421 27160502350.016
0.1505 -0.094411386143386 26966777703.9369
0.150999999999999 -0.067331945239708 31276409157.1853
0.151499999999999 -0.0602587342536273 32141218484.592
0.151999999999999 -0.0569969837870892 32972046573.495
0.152499999999999 -0.0687310554930737 30970270016.3025
0.153 -0.073604534661852 29764522698.9329
0.153499999999999 -0.0850762109314353 27411740487.1256
0.153999999999999 -0.0875694655600993 26924588524.5108
0.154499999999999 -0.0766608545998089 28740744461.9283
0.154999999999999 -0.0662005656080052 30815635879.0792
0.1555 -0.0486507259524053 33709525924.8212
0.155999999999999 -0.0454551446205059 34112708190.5381
0.156499999999999 -0.0435852771827753 34044162831.9776
0.156999999999999 -0.0467386552407068 33627563527.0921
0.157499999999999 -0.0244668038544757 37323852382.0639
0.158 -0.0240243289806354 37500637409.8262
0.158499999999999 -0.000370153636799422 41670491180.4309
0.158999999999999 -0.00782712432595438 40009573146.0438
0.159499999999999 -0.000802103483979409 41221107027.7996
0.16 0.00265586442291309 41613433048.7755
0.160499999999999 -0.00990879324022095 39432278563.9353
0.160999999999999 -0.00323198087177197 40674953982.4032
0.161499999999999 -0.00831410674562715 39503867266.8195
0.161999999999999 0.00247072740853291 41343029968.6003
0.1625 0.016219054844512 43687719469.6279
0.162999999999999 0.0140567974978 43454838124.7385
0.163499999999999 0.00503477787524358 41711709989.8958
0.163999999999999 0.00153250174979843 41010751137.2226
0.164499999999999 0.010256697143407 42171212287.9595
0.165 0.0235422430477746 44735317980.8609
0.165499999999999 -0.00290874621585335 40341237715.4432
0.165999999999999 0.0206656903024236 44508864423.7702
0.166499999999999 0.00802749838712031 42090841437.3393
0.167 0.0112801281798773 42676002675.4818
0.167499999999999 0.0278824800832509 45422549098.5123
0.167999999999999 0.0298244495741009 46193560470.5895
0.168499999999999 0.0323885743935875 46692823331.4057
0.168999999999999 0.0381420367443541 47639426225.9158
0.1695 0.033927888360695 46394022651.0442
0.169999999999999 0.0512245598180286 49704352901.4475
0.170499999999999 0.042954880454315 48331188708.6892
0.170999999999999 0.0376023416173456 47451690883.3717
0.171499999999999 0.0450824957838295 48674306047.1458
0.172 0.0475284577138186 48875045841.2325
0.172499999999999 0.0517036781815893 49947474010.8234
0.172999999999999 0.0791084694031605 54722828078.5853
0.173499999999999 0.0724349489535316 53644681813.2882
0.173999999999999 0.0727106398254306 53569566334.9175
0.1745 0.0649843248417175 52356217255.2073
0.174999999999999 0.0576330003921725 50835727036.2318
0.175499999999999 0.0383154396841594 47430989580.0088
0.175999999999999 0.0648399276822823 51944941617.6677
0.176499999999999 0.0675554094681602 52870836182.3148
0.176999999999999 0.0670199342355598 52606529886.371
0.177499999999999 0.067863958278581 52653825738.623
0.177999999999999 0.0720100202206089 53464196491.8029
0.178499999999999 0.0673467280904432 52422223042.5898
0.179 0.0530886844804873 49616759517.1897
0.179499999999999 0.0661163310161422 52061170111.8082
0.179999999999999 0.0739601745037345 53475914600.6088
0.180499999999999 0.0810488493341692 54713202970.1802
0.180999999999999 0.0793255524234805 54360405653.0449
0.1815 0.0626505341133399 51706026304.7793
0.181999999999999 0.0717895060164614 52935254412.5174
0.182499999999999 0.071659829350586 52941075952.1356
0.182999999999999 0.072897514855066 53232659525.0583
0.183499999999999 0.0841730125896816 55512704810.7994
0.183999999999999 0.0846750745230113 55380010862.7187
0.184499999999999 0.0748876190724441 53602438815.6657
0.184999999999999 0.0798155566624124 54573215461.2988
0.185499999999999 0.0769633402163134 54043618568.5962
0.186 0.0877169105230805 56300052250.0407
0.186499999999999 0.06551969671307 51968663943.4076
0.186999999999999 0.0738963632399297 53323035191.9977
0.1875 0.0679325931900141 52091506387.5848
0.187999999999999 0.0804332165662663 54661858844.5095
0.1885 0.064973022258586 51561762741.8879
0.188999999999999 0.0772476557426873 54065089655.1288
0.189499999999999 0.0617454756888827 51332312360.617
0.189999999999999 0.0524545058041072 49112482897.5708
0.190499999999999 0.0632132215344292 51432248376.1722
0.191 0.0701577124533044 52511486486.1665
0.191499999999999 0.0770724429896853 53873397496.7961
0.191999999999999 0.0792154740192697 54278336559.2152
0.192499999999999 0.068173880227705 52338150309.3459
0.192999999999999 0.0802934774197755 54276972422.9723
0.193499999999999 0.0793678016895948 53675982653.9527
0.193999999999999 0.0816460028188965 54407597916.8686
0.194499999999999 0.0882989443287862 55339638889.5014
0.194999999999999 0.0962491827431715 57012862861.1144
0.1955 0.0972298067759583 57589800265.1669
0.195999999999999 0.114837012239072 60305078038.3416
0.196499999999999 0.112243486629765 59519786919.9326
0.197 0.0985154265853865 57579347019.1902
0.197499999999999 0.101243559535279 57956106452.374
0.198 0.10181414726619 57773590452.6407
0.198499999999999 0.0828640108078653 54255543707.5876
0.198999999999999 0.073564173509188 52661377771.0725
0.199499999999999 0.0733906708687437 52686968118.3706
0.199999999999999 0.0794128375265194 53640003852.8279
0.2005 0.0894969747004911 55746110036.2666
0.200999999999999 0.0917156365195866 56000216777.6423
0.201499999999999 0.0917905017880033 55837273110.3506
0.201999999999999 0.10108945579475 57689006866.3345
0.2025 0.102219219303042 57568332851.5146
0.202999999999999 0.1070305932744 58616682310.0162
0.203499999999999 0.110458168292777 59210124135.4564
0.203999999999999 0.114344532582445 59722328496.3431
0.204499999999999 0.108053584264925 58375295388.4647
0.205 0.110418466126102 59239288781.4844
0.205499999999999 0.112473440117406 59360325837.9218
0.205999999999999 0.106798448166712 58533543595.1622
0.206499999999999 0.118404453698262 60154393141.4857
0.206999999999999 0.111052019511536 59264804604.5093
0.2075 0.11386589543473 59692754603.9638
0.207999999999999 0.111714551763775 58960153426.3644
0.208499999999999 0.12203511868093 61183507987.0016
0.208999999999999 0.107812692268211 58511755023.8373
0.209499999999999 0.101706407046609 57540486008.7746
0.209999999999999 0.119520986415942 60591562528.468
0.210499999999999 0.120199465217743 61101684645.4726
0.210999999999999 0.122916615952146 61175384863.4117
0.211499999999999 0.110898794138804 59122549789.9854
0.211999999999999 0.119282457429751 60613430226.9756
0.212499999999999 0.117525947169445 60572614370.8344
0.212999999999999 0.109444018936754 58994751066.4496
0.213499999999999 0.105493925277306 58165708850.9331
0.213999999999999 0.113256021648961 59460219366.062
0.2145 0.116595479955309 60072647766.3678
0.214999999999999 0.112560639383948 59246837218.0177
0.215499999999999 0.112112700124791 59502399320.4319
0.215999999999999 0.114131340220701 59758632347.4162
0.216499999999999 0.11562010545328 60096201692.443
0.216999999999999 0.121135606001502 61208954480.167
0.217499999999999 0.115428254696654 59850153415.7645
0.217999999999999 0.109336282472875 58629322478.254
0.218499999999999 0.110317268796743 59020430557.7841
0.218999999999999 0.115723179021855 59590350943.4619
0.219499999999999 0.115197999749754 60077041940.4892
0.219999999999999 0.122169922834521 61192919757.1527
0.2205 0.107638621151458 58514784257.2356
0.220999999999999 0.106633018302169 58089611271.7965
0.2215 0.124551059095005 61390738999.5018
0.221999999999999 0.122757302354769 61276699566.1099
0.222499999999999 0.125861390199143 61876472204.986
0.223 0.126151076326327 61497839841.8336
0.223499999999999 0.120470190882869 60659318383.6926
0.224 0.123411214078358 61305437772.9364
0.224499999999999 0.123664273676561 61321930590.1381
0.224999999999999 0.117782055604214 60192174156.5718
0.225499999999999 0.108936779139191 58566192545.557
0.225999999999999 0.118264676970074 60292181097.5531
0.2265 0.11576044297091 59879945936.1959
0.226999999999999 0.121924318173156 60908061445.2032
0.227499999999999 0.123648756817005 61762291350.2946
0.227999999999999 0.117334564729475 60290437944.0405
0.228499999999999 0.119978492931471 60877307712.6322
0.228999999999999 0.115210754038712 60053776802.4496
0.229499999999999 0.120908995187573 60969392623.2384
0.23 0.128224556426624 62461822218.4009
0.230499999999999 0.134642196842398 63782566032.8401
0.231 0.12597051012065 61924741963.5444
0.231499999999999 0.110702505290889 59040709725.9706
0.231999999999999 0.116125831410151 60229001434.6285
0.232499999999999 0.113462010730889 59785764829.8255
0.232999999999999 0.112742426818667 59780945656.722
0.2335 0.118494335998603 60677334980.2283
0.233999999999999 0.122444472578902 61324489802.878
0.234499999999999 0.126941895709984 62334048762.9715
0.234999999999999 0.129797464798521 62635780791.4114
0.235499999999999 0.122704511866889 60974223219.4666
0.235999999999999 0.119580223328759 60568243204.6151
0.236499999999999 0.111155213001426 59126916571.2026
0.236999999999999 0.13015245946669 62664448679.7515
0.237499999999999 0.112513765071266 59194200161.9961
0.237999999999999 0.127399596632566 62360637060.2174
0.238499999999999 0.126475044277225 62415782863.4638
0.238999999999999 0.131883169901732 62865841684.9572
0.239499999999999 0.135492227433243 63999549899.619
0.239999999999999 0.133513530335325 63557055140.5027
0.2405 0.133288625951014 63360005471.3725
0.240999999999999 0.1342173487807 63456709027.9784
0.241499999999999 0.130460420230705 63026630576.7853
0.241999999999999 0.130555863424459 62884483065.537
0.242499999999999 0.124838756610912 61583611454.9729
0.243 0.124668590559598 61683278416.1622
0.243499999999999 0.131966317656459 63190210591.7006
0.243999999999999 0.12348293202192 61466153117.2762
0.244499999999999 0.122043957044471 61389051173.0997
0.244999999999999 0.139880344439018 64484719977.7903
0.245499999999999 0.133953733452405 63660649841.1062
0.245999999999999 0.134491108474329 63778271771.921
0.246499999999999 0.139841234508742 64648029702.008
0.246999999999999 0.13082429867932 62964571478.1016
0.247499999999999 0.143589013699629 65441330935.0587
0.247999999999999 0.135560522347552 63604310379.9588
0.248499999999999 0.144658929905137 65688227459.2781
0.248999999999999 0.142116807396027 65438928561.3325
0.249499999999999 0.143390040291317 65306807879.2393
0.25 0.144419133255485 65735767182.3468
