# Fix print output for fix def1
0 0.00767188967347311 3146020915.60169
0.000500000000000079 0.0358385473449811 7522440213.25788
0.00100000000000005 0.065527839266475 12137604908.7766
0.00150000000000001 0.0935090088435253 16494103667.0844
0.00200000000000009 0.122528405753989 21026426568.4242
0.00250000000000006 0.150191833692972 25346065641.8088
0.00300000000000003 0.178062327633092 29690732251.1836
0.00350000000000011 0.205242026466264 33951260591.9931
0.00400000000000007 0.233836361615022 38428992627.5694
0.00450000000000004 0.260114360253703 42535115753.6789
0.00500000000000001 0.287703968114365 46865944914.4883
0.00549999999999998 0.314654398713057 51105250581.0955
0.00600000000000005 0.342150711251226 55418538996.1168
0.00649999999999991 0.368162192503119 59519042398.6811
0.00699999999999999 0.394978206827494 63741887589.5093
0.00750000000000007 0.422791846867331 68118920318.3856
0.00799999999999992 0.449768783818344 72383548206.5303
0.0085 0.477459882718468 76739227928.0521
0.00900000000000008 0.503006765146708 80791936797.6246
0.00949999999999994 0.530681037757221 85169435645.0629
0.01 0.55740626196046 89402693714.7194
0.0105000000000001 0.584701286015055 93725107544.3186
0.011 0.610548366714738 97831876433.7174
0.0115 0.637320943164037 102088912825.337
0.0120000000000001 0.664823015354805 106456160150.617
0.0125 0.690455829928953 110544681934.407
0.013 0.718048322491513 114943131251.374
0.0134999999999999 0.742999078927572 118926933807.413
0.014 0.770303862958408 123279977174.973
0.0145000000000001 0.796595615745912 127501318178.562
0.0149999999999999 0.82214837067305 131572726443.192
0.0155 0.84876635979218 135839344231.064
0.0160000000000001 0.874479619683395 139957034476.512
0.0164999999999999 0.900901693588106 144205808963.364
0.017 0.927168545914365 148415862354.693
0.0175000000000001 0.952194378980858 152450529934.761
0.0179999999999999 0.979130405813439 156794625534.203
0.0185 1.00439822687666 160857279925.628
0.0190000000000001 1.0299965849712 164994552633.33
0.0195 1.05613040033601 169205156986.069
0.02 1.08189858207457 173356070985.867
0.0205000000000001 1.10774534159495 177548865309.395
0.021 1.13371963534158 181759906918.085
0.0215 1.15833884564712 185745393852.441
0.0219999999999999 1.18432768652165 189974382988.077
0.0225 1.20918785466373 194004351283.331
0.0230000000000001 1.23388243343793 198028818053.936
0.0234999999999999 1.25980303097789 202243641310.925
0.024 1.28442046675969 206256640328.903
0.0245000000000001 1.30966422422708 210369418273.47
0.0249999999999999 1.33415786344224 214380901418.947
0.0255 1.35880438707169 218404687895.653
0.0260000000000001 1.38307127588985 222376461947.559
0.0264999999999999 1.4084237252914 226520086651.26
0.027 1.43360090880793 230649304049.196
0.0275000000000001 1.45851178282863 234738929051.246
0.028 1.48356165590931 238861339543.521
0.0285 1.50800690556432 242868008799.024
0.0290000000000001 1.53314002013167 247000327510.631
0.0295 1.55760872251067 251025554718.656
0.03 1.58157566308402 254983157918.073
0.0305000000000001 1.60587579439812 259002196706.906
0.031 1.63062618523021 263088104280.534
0.0315000000000001 1.65406549701415 266978236108.129
0.0320000000000001 1.67709651108017 270796339640.196
0.0325000000000002 1.70110485421697 274779333059.244
0.0330000000000001 1.72571649795093 278858844433.469
0.0334999999999999 1.74896726074052 282714916520.508
0.034 1.77277098818168 286677940509.887
0.0345000000000001 1.79700380175253 290708286002.211
0.0350000000000002 1.82160862224119 294820805201.128
0.0355000000000002 1.84423231811196 298580954507.59
0.0359999999999999 1.86752752351846 302469343571.151
0.0365 1.8916938414314 306517668970.63
0.037 1.9154387209399 310493592923.349
0.0375000000000001 1.93841277630979 314349098667.315
0.0380000000000002 1.96109989683749 318147585538.55
0.0385 1.9837769663747 321964646470.334
0.0389999999999999 2.00803407976352 326032898955.799
0.0395 2.03119238795625 329920064446.295
0.0400000000000001 2.0543417644187 333829023954.078
0.0405000000000001 2.07603624501328 337492227303.315
0.0410000000000002 2.09813906627871 341224629175.471
0.0415000000000001 2.12113994197545 345102958187.528
0.0419999999999999 2.14418811538771 349009536205.177
0.0425 2.16714576545213 352897892981.713
0.0430000000000001 2.18815729279515 356453526517.39
0.0435000000000002 2.20993992577419 360150147158.379
0.044 2.23099369417297 363742828085
0.0445000000000001 2.25283899444901 367459189786.557
0.045 2.27572603592241 371356215843.659
0.0455 2.29782812755144 375131639170.061
0.0460000000000001 2.32008671476301 378906136714.733
0.0465000000000002 2.34191223411533 382638767061.643
0.047 2.36446000961174 386491630693.376
0.0474999999999999 2.38591365846589 390159529866.043
0.048 2.40782622750064 393910082545.769
0.0485000000000001 2.4295529563354 397639154103.745
0.0490000000000001 2.45088114221386 401304145826.622
0.0495000000000002 2.47270645790378 405048670344.404
0.0500000000000001 2.49442177738003 408779189971.165
0.0504999999999999 2.51569389589096 412443221452.717
0.051 2.53725269987899 416174464375.794
0.0515000000000001 2.55847302502669 419824248249.035
0.0520000000000002 2.58010057641764 423557640104.229
0.0525000000000002 2.6008898100739 427159394053.055
0.0530000000000001 2.62194306460411 430803219018.89
0.0535 2.6423814625919 434351173655.431
0.054 2.66362720610805 438035539037.079
0.0545000000000001 2.68458378031946 441666899979.313
0.0550000000000002 2.70618943382527 445419116369.491
0.0555000000000001 2.72663115284038 448991768553.686
0.0559999999999999 2.74746053110537 452610264642.666
0.0565 2.76826612614644 456240557259.427
0.0570000000000001 2.78896758385 459861328864.867
0.0575000000000001 2.8098172602506 463496540807.269
0.0580000000000002 2.83063644799427 467144508467.47
0.0585000000000001 2.85028680471945 470584220533.643
0.0589999999999999 2.87023588398423 474088456840.217
0.0595 2.89018004701666 477604393325.639
0.0600000000000001 2.91019044479909 481114727379.168
0.0605000000000002 2.93054769252803 484686412807.983
0.0610000000000002 2.95070205490845 488240696167.397
0.0614999999999999 2.97027649915043 491693910415.406
0.062 2.99087503667779 495329029878.155
0.0625 3.01009163141718 498728771316.74
0.0630000000000001 3.03035982996957 502298739739.138
0.0635000000000002 3.05016196564922 505828564586.941
0.0640000000000001 3.06903309413298 509171703065.078
0.0644999999999999 3.08821539100256 512579742366.667
0.065 3.10794054729509 516085563757.125
0.0655000000000001 3.12773856587775 519597222587.087
0.0660000000000001 3.14761253742416 523149060255.023
0.0665000000000002 3.16608830062027 526436882578.854
0.0670000000000001 3.18538215687774 529888465815.437
0.0674999999999999 3.20459639758253 533313595270.158
0.068 3.22399982602769 536789947124.451
0.0685000000000001 3.24384173547281 540332039034.873
0.0690000000000002 3.26372503573092 543876743066.509
0.0695000000000003 3.28341109330689 547412283291.271
0.0700000000000001 3.30184328247834 550721884100.445
0.0705 3.32073127673793 554127095594.12
0.071 3.33908317003069 557435191048.202
0.0715000000000001 3.35766595426733 560795593649.981
0.0720000000000002 3.3760479947031 564119040494.375
0.0725000000000001 3.39385233833716 567330433663.43
0.0729999999999999 3.41253578084771 570715005742.443
0.0735 3.43070553721769 574011168467.887
0.0740000000000001 3.44917012366593 577363076786.293
0.0745000000000001 3.46715074309426 580618623339.936
0.0750000000000002 3.4855451200792 583949949854.462
0.0755000000000001 3.50433371187776 587363472272.476
0.0759999999999999 3.52217572041811 590628648713.427
0.0765 3.54043772624923 593963592175.705
0.0770000000000001 3.55824228897732 597204632918.099
0.0775000000000002 3.57614084545317 600479666084.722
0.0780000000000002 3.59325308901766 603619612862.259
0.0784999999999999 3.61067426605661 606827747118.121
0.079 3.62896556777068 610152723245.541
0.0795 3.64677866525906 613432214710.363
0.0800000000000001 3.66470679934404 616718641285.249
0.0805000000000002 3.68234811540678 619970262810.173
0.0810000000000003 3.69949033802814 623129222551.803
0.0814999999999999 3.71716015716781 626394532332.279
0.082 3.73471760249931 629639233465.981
0.0825000000000001 3.75167298479027 632762770769.431
0.0830000000000002 3.76938596924967 636047768488.903
0.0835000000000002 3.78677782763828 639261322612.636
0.0840000000000001 3.80236277758059 642167400775.692
0.0844999999999999 3.82004645993314 645457662216.201
0.085 3.83700404953876 648600177614.47
0.0855000000000001 3.85500552454781 651936098952.41
0.0860000000000002 3.87153894659479 655048457413.74
0.0865000000000003 3.88562576833362 657773427757.599
0.0869999999999999 3.90048857124146 660598199049.609
0.0875 3.91591539550554 663528395092.584
0.0880000000000001 3.92901816728712 666111179561.343
0.0885000000000001 3.94293822665569 668763515401.816
0.0890000000000002 3.95601935980045 671317288438.074
0.0895000000000001 3.97110987676068 674190146144.766
0.0899999999999999 3.9859631807344 676992773919.746
0.0905 3.99861050656009 679512291550.699
0.0910000000000001 4.01004306589117 681854727000.299
0.0915000000000002 4.01903343109471 683757584526.499
0.0920000000000002 4.02784470643139 685622958393.983
0.0925000000000001 4.03196894657362 686751264822.107
0.0929999999999999 4.04159258986729 688680130688.083
0.0935 4.05043920515465 690599833664.884
0.0940000000000001 4.05576931966794 691917884639.663
0.0945000000000002 4.06366808421629 693664439860.577
0.0950000000000003 4.06616800338433 694598950487.948
0.0954999999999999 4.06842573991138 695396022877.68
0.096 4.06712131196391 695696111936.907
0.0965 4.0678683105378 696178218139.217
0.0970000000000001 4.06664204786499 696474672531.254
0.0975000000000002 4.06532499055833 696693211704.956
0.0980000000000003 4.06556948299102 697250324847.589
0.0984999999999999 4.05905715783656 696758148048.723
0.099 4.05295014685327 696245870101.911
0.0995000000000001 4.04205788700291 694947134261.403
0.1 4.03229788746676 693852573913.498
0.1005 4.01548633422638 691567256918.883
0.101 4.00365567268377 690184652219.875
0.1015 3.98368512652005 687370304152.989
0.102 3.96908268167563 685551137056.327
0.1025 3.94801328939155 682578774300.725
0.103 3.92943406389727 680113257625.473
0.1035 3.90422591778967 676377172539.525
0.104 3.87692125597361 672493196192.009
0.1045 3.85391918800291 669222189336.65
0.105 3.82796976382733 665507702011.414
0.1055 3.79372066431239 660438368098.195
0.106 3.75924550811436 655440730037.817
0.1065 3.71671919170599 649250376863.269
0.107 3.66919151412675 641898920057.397
0.1075 3.62542535264878 635293029172.722
0.108 3.56806497469841 626495178093.858
0.1085 3.51382059611784 618141497017.459
0.109 3.45895257402663 609708387646.755
0.1095 3.40022174799037 600729761429.893
0.11 3.3304919306211 589819141620.68
0.1105 3.25598057453171 578202441481.47
0.111 3.18551663665633 567391554181.138
0.1115 3.11267815964727 556052800849.895
0.112 3.02950079545406 542900637670.034
0.1125 2.94512400460366 529489905822.15
0.113 2.86616375786124 516948548123.855
0.1135 2.77314266869807 502205298519.417
0.114 2.68087830908764 487557780771.377
0.1145 2.58198985553244 471546245193.8
0.115 2.48635288012673 456237796020.831
0.1155 2.38887192937253 440381710408.133
0.116 2.277502430061 422617791862.888
0.1165 2.16819440099505 404506092496.493
0.117 2.05655658692632 386338349625.384
0.1175 1.96230670451804 370599603239.175
0.118 1.85889030953327 353615885665.215
0.1185 1.74205988128292 334223887796.788
0.119 1.64720732343515 318481491637.928
0.1195 1.52755623628651 298486974020.138
0.12 1.42207421624334 280706233278.663
0.1205 1.30553844020401 261017939270.553
0.121 1.194414864647 242334849882.336
0.1215 1.08924422827906 224309250230.543
0.122 0.983196722549766 205983348245.584
0.1225 0.866186428421419 186073306359.919
0.123 0.774747014221197 170346811370.133
0.1235 0.682116406652516 154912754808.288
0.124 0.623766494997134 144734111950.839
0.1245 0.556909032477269 133478837417.676
0.125 0.511911521649623 125581979190.664
0.1255 0.470322390334848 118689850147.343
0.126 0.420391059176287 109788131994.701
0.1265 0.361144347283778 99573006016.1935
0.127 0.312713139304919 91359521629.4896
0.1275 0.261815135140465 82209717197.7462
0.128 0.209307833418088 73210274984.9598
0.1285 0.164508885955203 64998683335.7897
0.129 0.120573701475262 57092741346.6055
0.1295 0.0930450558439856 51965079869.2991
0.13 0.0746022689271224 48955144226.6083
0.1305 0.0550151289121075 45206439307.076
0.131 0.0570130345864159 45701468845.817
0.1315 0.0537936361820483 44907312216.09
0.132 0.0409259151955566 42457578278.6642
0.1325 0.0395583093928591 41770831900.4672
0.133 0.028688436130424 39996616285.7838
0.1335 0.0144526588044295 37468032308.6613
0.134 0.0194082711251258 38275339978.8951
0.1345 0.0143171317208222 36665692870.2268
0.135 0.0024753649123016 34776585255.543
0.1355 -0.00823461937683881 32780188129.0273
0.136 -0.0154139190496943 31415078521.0874
0.1365 -0.00498396503324332 33298627982.0446
0.137 -0.014169058573812 31225685986.7636
0.1375 -0.00305089823030993 33324529614.3434
0.138 -0.00139205100807706 33581059821.027
0.1385 0.00407413601835691 34271531024.4197
0.139 0.0122188403599198 35814253331.3088
0.1395 0.0248040080485649 37930735234.1918
0.14 0.0264270141230079 37897003636.9242
0.1405 0.0213200606970519 36858098913.2828
0.141 0.0266473272207372 37760530549.0597
0.1415 0.0411569448700535 40122210802.3501
0.142 0.0556022129354822 42845815999.2027
0.1425 0.0527428324895225 42103919322.7535
0.143 0.0592026695326897 43783120531.0833
0.1435 0.0637524213490344 44317061978.516
0.144 0.0651560881902891 44377321265.5829
0.1445 0.0516388964113833 42095934030.1702
0.145 0.0698076571038181 45377814025.8763
0.1455 0.0456135139736353 40992700063.4509
0.146 0.0487959152108691 41552762023.486
0.1465 0.0285313246742419 38057240313.8757
0.147 0.0417707912990339 40279763556.0734
0.1475 0.0609725211918665 43614943034.5454
0.148 0.0479876277599959 41188123444.2264
0.1485 0.0567519326809367 42751951796.7694
0.149 0.046820629275856 41094958645.0599
0.1495 0.0387810539848825 39713625130.069
0.15 0.0313480648180143 38299840901.4316
0.1505 0.0375885985415183 39329789061.3747
0.151 0.0431225215124855 40174486323.1429
0.1515 0.044889096065076 40860842533.5047
0.152 0.0413612556600547 39659879900.8355
0.1525 0.0347022406142294 38699183552.6838
0.153 0.0415074014868876 39932841927.0023
0.1535 0.0368332428372673 38851233320.2539
0.154 0.032825674858763 38370827814.9541
0.1545 0.0436534201504591 40215270436.7421
0.155 0.048393326221575 41189522044.9137
0.1555 0.0587018066053902 42968677698.6449
0.156 0.0685204411064843 44535965892.946
0.1565 0.0673242887664539 44177440776.9083
0.157 0.0801774877709672 46575059429.8776
0.1575 0.0702953931946255 44680719057.8593
0.158 0.0707281273360076 45081379116.2481
0.1585 0.0689045648232086 44436873108.7092
0.159 0.0745206504927772 45208231045.1121
0.1595 0.0677210031484032 44426995432.2674
0.16 0.0849668016602622 47256283403.1178
0.1605 0.090452679000134 48425767556.962
0.161 0.0974980609808415 49634981022.6955
0.1615 0.089843756023174 48613560348.3966
0.162 0.0934951933631176 48891739522.6651
0.1625 0.0933025274448639 48571614318.51
0.163 0.088147665855909 48024931846.1996
0.1635 0.0910023248270734 48751670016.1105
0.164 0.0944498723604906 49091914338.4818
0.1645 0.0808886160230995 46510794052.1241
0.165 0.0772716577016655 46042500845.5262
0.1655 0.07618409040022 45649083550.246
0.166 0.0764944757213664 45980223747.7258
0.1665 0.0901328290059557 48354482968.7823
0.167 0.0975069371526877 49551332529.3718
0.1675 0.102858589262787 50348686995.5074
0.168 0.10469391928951 50697788357.8544
0.1685 0.113186748085407 52245350610.9084
0.169 0.112799305776342 52339659917.7858
0.1695 0.114682705830995 52748496786.9714
0.17 0.107905233087551 51686899788.2728
0.1705 0.10124946071337 50416141402.7524
0.171 0.118226852525751 53416538338.3523
0.1715 0.128306840683045 55403289614.8584
0.172 0.143121556510395 57757932143.0447
0.1725 0.14455034904546 58023692830.4942
0.173 0.13987512285449 57283268850.3925
0.1735 0.139616867080954 57288409626.6845
0.174 0.141679440759387 57786766772.4904
0.1745 0.113960973143434 52824960486.7924
0.175 0.115774081530626 53012676031.8102
0.1755 0.124399146352501 54620879187.9591
0.176 0.117651571716845 53270406721.2544
0.1765 0.111477124168111 52085289071.8607
0.177 0.115524798705915 52883353513.3938
0.1775 0.108421196283268 51556841762.5069
0.178 0.104545350398031 51026482867.6501
0.1785 0.106208051723177 50996251841.2695
0.179 0.105018706757352 51017800713.0738
0.1795 0.101480178569441 50233961450.3164
0.18 0.102171076181941 50297127578.4779
0.1805 0.109391411094312 51747317274.5368
0.181 0.108138875173685 51023690629.6439
0.1815 0.103795359586591 50379873394.7681
0.182 0.110364588572633 51898203234.6313
0.1825 0.125144928918003 54786719682.834
0.183 0.116807806164154 52885002735.056
0.1835 0.12457163398796 54119230088.0901
0.184 0.111376242706341 51989815197.715
0.1845 0.11766286024614 53054812749.4887
0.185 0.107980280185836 51359204209.7054
0.1855 0.109870800365194 51778116576.5757
0.186 0.120434214835639 53467484794.4454
0.1865 0.122762556543241 54176149197.9498
0.187 0.13314999985755 55677402972.0436
0.1875 0.122320900053764 54124830268.3965
0.188 0.138838926131512 57025712661.3905
0.1885 0.129769698373701 55367960695.3784
0.189 0.134695993709889 56116805569.745
0.1895 0.127895753205316 55263357160.5396
0.19 0.112639034487449 52308173784.131
0.1905 0.136671606882097 56299445859.1775
0.191 0.126255454110497 54650016183.0495
0.1915 0.121679494608092 54056806353.7409
0.192 0.141737496010053 58007915741.6847
0.1925 0.131800731154701 56056063985.672
0.193 0.145493220924633 58248625978.5589
0.1935 0.136916437581911 56850331991.1257
0.194 0.135214385968728 56364064040.9926
0.1945 0.146356278776989 58181742468.4826
0.195 0.14040617270383 57340659079.1677
0.1955 0.142131176519026 57722756064.3676
0.196 0.138882040853771 57201971587.8814
0.1965 0.138784652493017 57159837475.7438
0.197 0.142500972815342 57758223793.8643
0.1975 0.142367777967187 57981011131.1152
0.198 0.148372107911109 59035479615.8679
0.1985 0.147570865259165 58867390736.771
0.199 0.149558535600163 58995526669.9129
0.1995 0.15811271827465 60655917552.4411
0.2 0.15395942726289 60035313793.2744
0.2005 0.162123032321855 61276060908.2944
0.201 0.159706197344941 61203527642.6106
0.2015 0.144069799522645 58173355328.7723
0.202 0.147116738337606 58848100237.0915
0.2025 0.133844382102184 56352836467.376
0.203 0.137510583436048 56910595491.0077
0.2035 0.137601756162278 57177059205.9944
0.204 0.141283081232511 57788118499.3734
0.2045 0.134748714883258 56707850039.3625
0.205 0.136710919026225 56747131362.1372
0.2055 0.145214440971177 58480261964.3596
0.206 0.159724450659356 60972265198.9659
0.2065 0.151115297293257 59317230549.7555
0.207 0.158470514488126 61005175490.3153
0.2075 0.151352522521405 59771147759.3479
0.208 0.144109026080891 58455602474.6293
0.2085 0.144906854675359 58655246342.0696
0.209 0.145507890493989 58684988691.911
0.2095 0.153821076368392 60253189189.7699
0.21 0.146948948798807 59071453766.1767
0.2105 0.155595143153359 60355945837.2081
0.211 0.160380963961603 61331316000.3524
0.2115 0.162345780962153 61822739233.306
0.212 0.161500127118184 61643135377.3616
0.2125 0.15984988924813 61047686098.2428
0.213 0.177070036427805 64467626044.4412
0.2135 0.16461639113788 62068945320.6472
0.214 0.172410295835826 63920023163.013
0.2145 0.159766486792117 61491029545.4272
0.215 0.170489926482998 63656456553.1697
0.2155 0.17757467606421 64875441744.0297
0.216 0.173900996843673 64177266098.5312
0.2165 0.170640326411519 63447928654.6056
0.217 0.162333361371709 62036448916.8647
0.2175 0.168850499355267 63412155993.5753
0.218 0.168948436575736 63232438645.4269
0.2185 0.161204472403626 61519114257.203
0.219 0.157890337546113 61092571385.3698
0.2195 0.156835514024424 60940339450.7704
0.22 0.170757770537467 63515405801.6121
0.2205 0.170876961242446 63595275106.2289
0.221 0.165577646488626 62775143858.067
0.2215 0.178999834175455 65112524896.4876
0.222 0.171133204312303 63761511585.6079
0.2225 0.173063635063283 64391038376.8892
0.223 0.169501800057647 63642311329.794
0.2235 0.156176857437396 60946782597.6906
0.224 0.154997270025927 60710080772.9474
0.2245 0.15693918637689 60970384381.4092
0.225 0.160577446233714 61874546213.4498
0.2255 0.162545730795601 61976945631.467
0.226 0.166550255115359 63071025742.308
0.2265 0.170482409273758 63598327194.9585
0.227 0.175033507768554 64810836933.5628
0.2275 0.189680759658888 67469444396.0394
0.228 0.195478337994263 68391255945.5727
0.2285 0.194644926048157 68501283483.4875
0.229 0.189930992074539 67497541127.4103
0.2295 0.197421495107401 69185246845.016
0.23 0.19790437608296 69009780749.9651
0.2305 0.196590806626622 68750864842.1891
0.231 0.198515718076193 69265765560.5676
0.2315 0.197840890604603 69202742438.3324
0.232 0.181305993297794 66187116784.3903
0.2325 0.18471986545836 66769960162.903
0.233 0.183069244278679 66558634130.5826
0.2335 0.190926416347213 67662336110.4939
0.234 0.196619018907821 68935203174.25
0.2345 0.19059886770404 68069194224.5145
0.235 0.189089478317584 67755961359.3234
0.2355 0.187773328768183 67373899701.6619
0.236 0.187062216728144 67026531138.0579
0.2365 0.177037399654325 65473061861.1142
0.237 0.178961208598273 65721497483.0098
0.2375 0.179275279341951 65909850280.3637
0.238 0.177822894111726 65567172355.1752
0.2385 0.175868607048723 65357680211.6427
0.239 0.171429777655012 64541049377.0736
0.2395 0.177451499111964 65606067054.8421
0.24 0.184565633933594 67193634427.2019
0.2405 0.18366567156965 66639934532.419
0.241 0.18356678446041 66399219638.8732
0.2415 0.189555583750999 67974036225.0251
0.242 0.18095599898921 66091731206.0958
0.2425 0.180664161109856 66491309988.6168
0.243 0.183825480014437 66925488311.4429
0.2435 0.191389204905165 68232707531.4831
0.244 0.188416576192791 67900148359.8999
0.2445 0.190612321806228 68171505955.6449
0.245 0.191269932333901 68407795229.2084
0.2455 0.195296912933291 69326311616.6479
0.246 0.195026933244415 69167313709.4234
0.2465 0.191690012938179 68695112848.9981
0.247 0.185466518518708 67330614159.9395
0.2475 0.188571648420207 68062513256.3015
0.248 0.181050963297457 66840261199.2467
0.2485 0.17933060521413 65995229602.0406
0.249 0.174444131456293 64985769138.207
0.2495 0.18019508144721 66389935232.4696
0.25 0.174060248186898 65025201980.8907
