# Fix print output for fix def1
-3.34806288850275e-16 0.0090628721899499 3373455608.66801
0.000499999999999606 0.0379478502959672 7849664999.06251
0.00099999999999977 0.0666643524056024 12320717755.8176
0.00149999999999971 0.0963811684246473 16955214118.2307
0.00199999999999965 0.124029129471558 21263051748.5732
0.00249999999999959 0.153332567115017 25822068140.9123
0.00299999999999976 0.181187841186198 30196048764.0629
0.0034999999999997 0.209770177706659 34657478085.3593
0.00399999999999964 0.237210218168713 38961706972.1539
0.00449999999999958 0.266332445584521 43510730453.829
0.00499999999999974 0.292513682603653 47620465897.2111
0.00549999999999968 0.321259831670871 52143042241.2649
0.00599999999999962 0.34768262912848 56290510402.1723
0.00649999999999956 0.37579860690044 60714111797.474
0.00699999999999973 0.402551590455164 64922955274.1796
0.00749999999999967 0.430269109777201 69289920009.5034
0.00799999999999961 0.458285473634405 73706459742.8298
0.00849999999999977 0.485603404823762 78038223240.7738
0.00899999999999971 0.513388827058407 82422530135.2714
0.00949999999999965 0.539568491828772 86566040273.9221
0.00999999999999959 0.56856091398677 91164542351.6354
0.0104999999999998 0.594244097081794 95237239209.9149
0.0109999999999997 0.62341861270966 99854958160.8703
0.0114999999999996 0.649172939326398 103962076294.745
0.0119999999999996 0.677727508014599 108489811893.232
0.0124999999999997 0.704817977584115 112793757037.692
0.0129999999999997 0.731148650358774 117011760874.433
0.0134999999999996 0.759978576088047 121593994662.386
0.0139999999999996 0.78468442945428 125553514503.787
0.0144999999999997 0.813384587914233 130129769815.771
0.0149999999999997 0.839738306824466 134359769632.366
0.0154999999999996 0.86527101755924 138444924388.435
0.0159999999999998 0.893740984366439 143005886471.621
0.0164999999999997 0.91830306197845 146952211790.093
0.0169999999999997 0.945628466596625 151341289387.145
0.0174999999999996 0.972206728999323 155632845311.095
0.0179999999999998 0.996751035368184 159573100001.078
0.0184999999999997 1.02529860732818 164167975708.646
0.0189999999999996 1.05099759840535 168305632075.435
0.0194999999999996 1.07650569090582 172446160103.74
0.0199999999999997 1.10442167323305 176934473108.056
0.0204999999999997 1.12963226061853 181027547975.969
0.0209999999999996 1.1556581231491 185235508444.192
0.0214999999999996 1.18291737926757 189651825679.354
0.0219999999999997 1.20725596084179 193610164419.348
0.0224999999999997 1.23354519253941 197882208291.286
0.0229999999999996 1.26049707594914 202256056474.901
0.0234999999999996 1.28517354457507 206272573365.184
0.0239999999999997 1.31112783145076 210511872452.399
0.0244999999999997 1.33765240873421 214832452040.43
0.0249999999999996 1.36183036719125 218772191577.682
0.0254999999999998 1.38729352935982 222941544192.072
0.0259999999999997 1.41454959145714 227409528966.769
0.0264999999999996 1.43893918773889 231393966227.853
0.0269999999999996 1.46348770477428 235413401272.626
0.0274999999999998 1.48946660523027 239678363400.766
0.0279999999999997 1.51456323226377 243818900063.756
0.0284999999999996 1.53867293966252 247767070747.648
0.0289999999999996 1.56389623770278 251930628762.262
0.0294999999999997 1.58985422022216 256205261487.228
0.0299999999999997 1.6145808523013 260284975650.973
0.0304999999999996 1.63842541951232 264223677058.834
0.0309999999999998 1.66316751196271 268297703176.748
0.0314999999999995 1.68826047645708 272457939044.518
0.0319999999999997 1.7121856631203 276439945413.124
0.0324999999999998 1.7361830987285 280411971536.924
0.0329999999999995 1.76122799320225 284554876679.9
0.0334999999999997 1.78608595080084 288682747453.776
0.0339999999999999 1.8097774413324 292634013938.522
0.0344999999999996 1.83330066696239 296555037277.791
0.0349999999999998 1.85765292962963 300604548635.467
0.0354999999999995 1.88192143025472 304662193623.919
0.0359999999999996 1.9053428944399 308561974306.199
0.0364999999999998 1.92883394615681 312509850658.565
0.0369999999999995 1.95277049682782 316525430961.406
0.0374999999999997 1.97693570937431 320554395345.109
0.0379999999999998 2.00098251492557 324582314883.334
0.0384999999999996 2.02415716344595 328470235748.794
0.0389999999999997 2.04712591371654 332342206709.46
0.0394999999999997 2.07087064541192 336341439822.973
0.0399999999999996 2.09517473444905 340430014598.461
0.0404999999999998 2.11847077272829 344350759713.44
0.0409999999999995 2.1415599277888 348248533128.046
0.0414999999999997 2.16435600142301 352098976486.621
0.0419999999999998 2.18677245203334 355897437863.734
0.0424999999999995 2.20952404406542 359751999965.59
0.0429999999999997 2.23241903164207 363632252190.624
0.0434999999999999 2.25556503468098 367573627164.267
0.0439999999999996 2.27855643742838 371474444083.213
0.0444999999999997 2.30136261603645 375340531425.608
0.0449999999999995 2.32398516721763 379192160419.404
0.0454999999999996 2.34681245069125 383094040156.91
0.0459999999999998 2.36960004998274 386958224478.227
0.0464999999999995 2.39189515975979 390772488068.084
0.0469999999999997 2.41394711537219 394533238698.047
0.0474999999999998 2.4358743974258 398305658272.791
0.0479999999999995 2.45835079531615 402153330306.775
0.0484999999999997 2.48044317631315 405931418801.521
0.0489999999999997 2.50251066264467 409720203728.167
0.0494999999999996 2.5247113816731 413543143013.561
0.0499999999999998 2.54683902836362 417354628030.044
0.0504999999999995 2.56875631971533 421108970724.554
0.0509999999999996 2.59091982657815 424928751562.128
0.0514999999999998 2.61259645136758 428677701235.665
0.0519999999999995 2.6343601646803 432443621212.352
0.0524999999999997 2.65577549809437 436137393968.903
0.0529999999999999 2.67746617572912 439903849507.056
0.0534999999999996 2.69806099984651 443470897610.712
0.0539999999999997 2.71920485557078 447141564979.272
0.0544999999999997 2.74088328907547 450899047548.603
0.0549999999999996 2.76236459982607 454641919125.139
0.0554999999999998 2.78352494866018 458311252321.768
0.0559999999999995 2.80471012378877 462010369928.167
0.0564999999999997 2.82633855215148 465796701390.954
0.0569999999999998 2.84753925932557 469485491208.02
0.0574999999999995 2.86819664889068 473088017325.059
0.0579999999999997 2.8893069813026 476777848677.265
0.0584999999999999 2.91058510534594 480517821884.671
0.0589999999999996 2.93099079737296 484101238970.4
0.0594999999999997 2.9518192400926 487748706380.326
0.0599999999999995 2.97209607726521 491315736045.035
0.0604999999999996 2.99263718029803 494928515140.824
0.0609999999999998 3.01301411902342 498531337216.501
0.0614999999999995 3.03313617507432 502067782884.707
0.0619999999999997 3.05355573920865 505678057275.475
0.0624999999999998 3.07392753487332 509269384678.589
0.0629999999999996 3.09385235563278 512795601948.77
0.0634999999999997 3.11430210511844 516422795560.912
0.0639999999999997 3.13422713914162 519960808094.946
0.0644999999999996 3.15410105527316 523482245973.843
0.0649999999999998 3.17447567943736 527106861376.997
0.0654999999999995 3.19413817754414 530595940017.125
0.0659999999999996 3.21385047563929 534125709962.451
0.0664999999999998 3.23356166625485 537628547142.02
0.0669999999999995 3.25324906634544 541138478185.513
0.0674999999999997 3.27319095763818 544704617556.722
0.0679999999999999 3.29289892903642 548219931673.642
0.0684999999999996 3.31279265709232 551778755124.253
0.0689999999999997 3.33280070532469 555362665064.77
0.0694999999999995 3.35221873190682 558852794589.777
0.0699999999999996 3.37147991604772 562315029915.121
0.0704999999999998 3.39042240104219 565713006679.286
0.0709999999999995 3.40944716538284 569147192512.218
0.0714999999999997 3.4281916120577 572527863452.279
0.0719999999999998 3.44675720935684 575891843058.018
0.0724999999999996 3.46544283515088 579265783727.829
0.0729999999999997 3.48382625313865 582602512194.783
0.0734999999999996 3.50370006631565 586184857845.338
0.0739999999999996 3.52261209336686 589621492639.528
0.0744999999999998 3.54146674571533 593035905054.942
0.0749999999999995 3.56004552185036 596417102971.466
0.0754999999999996 3.57797288917055 599673463964.863
0.0759999999999998 3.59626728677133 603029174477.556
0.0764999999999995 3.61467994466651 606380321650.199
0.0769999999999997 3.63302019976501 609723345377.895
0.0774999999999998 3.65156182934566 613106449207.975
0.0779999999999996 3.67013609387658 616513594747.139
0.0784999999999997 3.68833618076607 619832482398.289
0.0789999999999997 3.70624855962187 623117840935.844
0.0794999999999996 3.72424904952412 626433450622.529
0.0799999999999998 3.74212365432833 629723440830.783
0.0804999999999995 3.76071880220639 633127550904.395
0.0809999999999997 3.77904786846154 636503267022.759
0.0814999999999998 3.79654180187569 639732055958.706
0.0819999999999995 3.81415668521962 642986598703.931
0.0824999999999997 3.83178098539682 646244411349.916
0.0829999999999996 3.84910450845376 649464526612.193
0.0834999999999996 3.86705479214924 652766889083.55
0.0839999999999997 3.88509207034918 656133811497.815
0.0844999999999997 3.90213014884332 659281173057.012
0.0849999999999996 3.91911510562846 662446472593.176
0.0854999999999998 3.93683134812938 665752772319.345
0.0859999999999995 3.95426143554738 668984882666.87
0.0864999999999997 3.97176915846311 672252480595.986
0.0869999999999998 3.98835129301376 675354299609.867
0.0874999999999996 4.00502930365643 678471089161.792
0.0879999999999997 4.02204638243365 681661003138.419
0.0884999999999997 4.03941440426371 684921177094.848
0.0889999999999996 4.05610294768019 688042016562.463
0.0894999999999998 4.07302855034512 691236565454.828
0.0899999999999995 4.08973910858975 694386303931.179
0.0904999999999996 4.10674052446547 697569147297.931
0.0909999999999998 4.12364424048372 700773822816.823
0.0914999999999995 4.14016310999316 703886499365.655
0.0919999999999997 4.1567489315435 707009047141.627
0.0924999999999996 4.17305061280288 710107127431.211
0.0929999999999996 4.18953548854682 713218928005.119
0.0934999999999997 4.20583460169842 716320180985.371
0.0939999999999997 4.2221465413805 719413341054.856
0.0944999999999996 4.23868244174197 722559379381.727
0.0949999999999998 4.25449952033248 725577335013.841
0.0954999999999995 4.27103345025298 728718701330.979
0.0959999999999997 4.28685181773333 731735833977.778
0.0964999999999998 4.30283960560698 734803091363.925
0.0969999999999995 4.3182409456146 737743931608.132
0.0974999999999997 4.33451125904257 740872243150.695
0.0979999999999996 4.35002903797536 743838299205.367
0.0984999999999996 4.36573352777862 746856992140.4
0.0989999999999998 4.38222708264214 750017003494.266
0.0994999999999995 4.3977423125365 753013758595.853
0.0999999999999996 4.4130784366121 755969832391.373
0.1005 4.4286521301626 758968532452.201
0.101 4.44452988974546 762032041334.909
0.1015 4.45930147634349 764896200533.733
0.102 4.47465287073692 767887389476.993
0.1025 4.490296483354 770916126333.23
0.103 4.5053148695093 773825820316.741
0.1035 4.52046476293381 776764262126.886
0.104 4.53532997457143 779666385047.793
0.1045 4.55076353726201 782677188453.078
0.104999999999999 4.56569351854895 785588985926.568
0.1055 4.58083284216024 788546193723.4
0.106 4.59572541259662 791457702277.674
0.1065 4.61048751507148 794348252246.376
0.107 4.62519804306562 797239041204.044
0.1075 4.63970440268683 800085085662.445
0.108 4.65452206823344 802995111321.781
0.1085 4.66899670171686 805863848315.399
0.108999999999999 4.68357629032394 808735022328.05
0.1095 4.69800422739121 811581236304.51
0.11 4.71235892298852 814427504085.191
0.1105 4.72655693596733 817231129831.279
0.111 4.74134735381301 820148803312.844
0.1115 4.75509113205375 822893141315.137
0.112 4.76955823212885 825764610033.815
0.1125 4.78345417914486 828532504747.98
0.113 4.79770839312765 831376103646.518
0.1135 4.81124709500187 834087373879.62
0.114 4.82581444112323 836976845098.876
0.114499999999999 4.83939859570254 839699957204.975
0.115 4.85340807619741 842504399537.993
0.1155 4.86791782005563 845378770912.777
0.116 4.88107236240393 848050457383.698
0.1165 4.89497953432993 850827336964.712
0.117 4.90800538797128 853471948790.454
0.1175 4.92224510191167 856324178003.164
0.118 4.93485490259611 858887860739.159
0.118499999999999 4.94884834067567 861711211793.713
0.119 4.96225293251899 864418678945.577
0.1195 4.97534127967397 867083586656.159
0.119999999999999 4.98885932291413 869831055001.633
0.1205 5.00205714449154 872519105759.094
0.121 5.01479097856011 875123857693.75
0.1215 5.02805582876016 877818674814.884
0.122 5.04102786415914 880473006572.593
0.1225 5.05419198737853 883150899832.945
0.123 5.06702499494922 885773220946.562
0.1235 5.07990544465243 888413420820.01
0.123999999999999 5.09296749768309 891093183985.58
0.1245 5.10614477082773 893790303787.076
0.125 5.11809860332531 896264793480.056
0.1255 5.13090634144686 898913081930.393
0.126 5.1436994246312 901554239884.805
0.1265 5.15622521399325 904141290367.573
0.127 5.1689311433322 906769436293.472
0.1275 5.18058161340752 909210849774.311
0.128 5.19322901836787 911833279795.371
0.1285 5.20554082200736 914386498966.286
0.129 5.21797470086088 916982160395.743
0.129499999999999 5.23001092304906 919480031607.942
0.13 5.24204143466043 921992953039.893
0.1305 5.25433242302622 924578343160.76
0.131 5.26633264000096 927081656585.433
0.1315 5.2784506771916 929625966051.996
0.132 5.29024842323914 932108318783.519
0.1325 5.301576484388 934506621064.994
0.133 5.31339337971708 936987667900.54
0.1335 5.3255637052177 939572841542.011
0.134 5.33716676699741 942015912089.268
0.1345 5.34902946634496 944509277084.341
0.135 5.36067151139145 946983579393.837
0.1355 5.37191446994512 949378095773.417
0.136 5.38339570969174 951822514817.661
0.1365 5.39441699057189 954187343164.75
0.137 5.40555674240458 956572067372.971
0.1375 5.41712645669637 959018568344.714
0.138 5.42845188734842 961450227862.035
0.1385 5.43973086310302 963882402384.143
0.138999999999999 5.45086530178034 966259452096.918
0.1395 5.46167623906643 968592084572.08
0.14 5.47287094029683 971007508506.423
0.1405 5.48402111423998 973395365202.105
0.141 5.49460210481579 975709608111.849
0.1415 5.50504293335255 977976188574.036
0.142 5.51617119028957 980369663398.518
0.1425 5.52706780426153 982736531565.03
0.143 5.53713981236861 984957992608.473
0.1435 5.54819443587273 987345497363.052
0.144 5.5582905260598 989574511162.542
0.144499999999999 5.56857774763319 991831728702.484
0.145 5.57920394909701 994147224278.487
0.1455 5.59006556774327 996511011088.235
0.146 5.60005242033683 998717247080.724
0.1465 5.60999585989482 1000934809838.65
0.147 5.6205798570195 1003247880648.12
0.1475 5.63078257590864 1005507188700.14
0.148 5.64080159525428 1007735567311.98
0.148499999999999 5.65084552219929 1009956398504.38
0.149 5.66085163047146 1012182131010.65
0.1495 5.67011797900315 1014271324198.39
0.149999999999999 5.68006947266745 1016488839450.96
0.1505 5.68980529205592 1018670560823.62
0.151 5.69992835538228 1020922323288.96
0.1515 5.70882036242132 1022951200609.4
0.152 5.71894275203263 1025198409344.47
0.1525 5.72837431300225 1027335855544.57
0.153 5.73803690581881 1029508847631.68
0.1535 5.74730555371707 1031613691551.26
0.153999999999999 5.75641657587498 1033690223397.07
0.1545 5.76546764285016 1035764541925.55
0.155 5.77464280645328 1037857298927.35
0.1555 5.78449619400934 1040059862923.21
0.156 5.79350104906645 1042140828498.97
0.1565 5.80176723957579 1044061329792.06
0.157 5.81140344262894 1046260540267.32
0.1575 5.82030953700835 1048303908132.61
0.158 5.82925856391422 1050362046696.49
0.1585 5.83823845632274 1052425550138.37
0.159 5.84601796989192 1054286076289.43
0.1595 5.8541789322538 1056212445063.49
0.16 5.86254748467948 1058158977305.31
0.1605 5.87181039521476 1060298561872.3
0.161 5.87982330877197 1062180837914.33
0.1615 5.88855951872153 1064225804984.04
0.162 5.89607527313226 1066036869120
0.1625 5.90324061554941 1067786936018.5
0.163 5.91186267383325 1069802234860.09
0.1635 5.92059894195837 1071846136831.63
0.164 5.92859283874531 1073748384249.04
0.1645 5.93723847796406 1075763977186.51
0.165 5.94525512106105 1077678580637.46
0.1655 5.95247673741872 1079441650858.51
0.166 5.95988615552656 1081241655489.14
0.1665 5.96680789794265 1082963143418.58
0.167 5.9741461370561 1084744541681.35
0.1675 5.98203198812391 1086650971831.47
0.168 5.98953102246742 1088464301727.86
0.1685 5.99654552428511 1090209072116.44
0.168999999999999 6.00389553958485 1092030004502.32
0.1695 6.00921174420328 1093485756962.56
0.17 6.0103037360762 1094293523259.23
0.1705 6.007484849455 1094453045301.49
0.171 6.00050986088655 1093918523299.62
0.1715 5.99054392235126 1092938520471.1
0.172 5.97680518306703 1091378458415.06
0.1725 5.96489403879888 1089996445425.85
0.173 5.94549262185038 1087455494536.28
0.1735 5.92051009067716 1084080575164.68
0.174 5.89146060069496 1080018064038.5
0.174499999999999 5.85386536782961 1074563990932.35
0.175 5.81436985327056 1068703650642.15
0.1755 5.77446666502796 1063121156658.56
0.176 5.71845011686587 1054791072051.9
0.1765 5.66978894710595 1047641167618.98
0.177 5.60946342177753 1038576440252.08
0.1775 5.54972257640972 1029652368443.73
0.178 5.48017839107507 1019325985298.93
0.178499999999999 5.39861263353689 1006762445034.69
0.179 5.30543847101724 992180220239.836
0.1795 5.21857997198808 978935709571.214
0.18 5.12564932104704 964660464157.164
0.1805 5.01515530034022 947545904104.652
0.181 4.90931176653253 931314308102.265
0.1815 4.78564263260041 912393749835.527
0.182 4.65215710567521 891526885717.504
0.1825 4.50822339804817 869059528346.374
0.183 4.36697916154006 847276408830.961
0.1835 4.21591059637585 824089413031.477
0.183999999999999 4.05510186851494 798742871787.828
0.1845 3.88240999724206 771730314155.297
0.185 3.71159923087817 745065652482.178
0.1855 3.53731904348 717971692453.278
0.186 3.35448861064776 689085249609.357
0.1865 3.15808537846656 658208189473.159
0.187 2.97176882605105 629397510279.101
0.1875 2.77449949132686 598313235985.514
0.187999999999999 2.59472050687726 570260994692.275
0.1885 2.39781997121336 539036433612.22
0.189 2.18701931933007 505003407653.461
0.1895 1.9755832910741 470620777067.128
0.19 1.76497475149948 436102436595.924
0.1905 1.54495105740697 399492582728.905
0.191 1.31678593876104 360644244961.555
0.1915 1.08528711896653 321101115225.886
0.192 0.849320430131777 280310918036.325
0.1925 0.602251088144844 237112963606.788
0.193 0.358872512649013 194378255922.648
0.1935 0.139171567271576 155441380405.61
0.194 -0.0579471162468886 120536465352.781
0.1945 -0.221479942019959 91421820036.947
0.195 -0.383580719260184 62209571417.6295
0.1955 -0.525713122111925 35683330583.1689
0.196 -0.636805464555156 14985640380.1012
0.1965 -0.73147388184504 -3193138852.59797
0.197 -0.82877955266492 -22557704761.568
0.1975 -0.905410748869301 -38873728549.759
0.198 -0.918838114779837 -43752773087.7178
0.1985 -0.861890523885049 -34909431247.0196
0.198999999999999 -0.79158627747769 -23386429075.3792
0.1995 -0.776003210096612 -21833321554.0841
0.2 -0.761661157472865 -19900171275.3669
0.2005 -0.741300226673822 -17434995793.7119
0.201 -0.717700758802767 -13805412469.3018
0.2015 -0.692192498376871 -9868478427.77958
0.202 -0.640987669675238 -853354182.365376
0.2025 -0.608545898561163 4442341670.06509
0.203 -0.588679860436655 7765374102.24862
0.2035 -0.573694433423985 9778383534.35556
0.204 -0.525785783270015 17882806521.6427
0.2045 -0.516048984281399 19498248332.0975
0.205 -0.501248978360607 21756610600.5456
0.2055 -0.490897718307111 23356399996.8007
0.206 -0.471425477517798 26873148998.5693
0.2065 -0.457062545953106 29392523194.5693
0.207 -0.444046770432928 31270398088.0568
0.2075 -0.441832265431062 31561223937.5571
0.208 -0.446301665002054 30249633287.227
0.208499999999999 -0.43569658094638 32382950221.4977
0.209 -0.417079995065998 35013786511.5082
0.2095 -0.419553407667099 34743240400.5982
0.21 -0.430038318699334 32598204150.9294
0.2105 -0.425792600633477 32951911810.7234
0.211 -0.421830183216102 33531255083.1062
0.2115 -0.422243315941906 33308094129.5707
0.212 -0.405360664793322 35941797569.1206
0.2125 -0.399447063729984 36878078722.8402
0.213 -0.417227534009791 33650384193.9383
0.2135 -0.386124704226287 39210796373.4818
0.213999999999999 -0.380675706452446 40482074922.1541
0.2145 -0.367631441583791 42859851212.86
0.215 -0.371111452951258 41690381042.1104
0.2155 -0.356417704614804 44525518600.6248
0.216 -0.365536829326093 42558170136.7768
0.2165 -0.34704696812645 46225320714.6297
0.217 -0.342231118182896 46975811014.1037
0.2175 -0.332987462063072 48335374523.9303
0.217999999999999 -0.338720773531752 46980300335.118
0.2185 -0.307257730291821 52537013240.3379
0.219 -0.284797561663779 57118215852.5457
0.2195 -0.293270287019719 55247917101.4527
0.22 -0.304191583443161 53028578420.4936
0.2205 -0.296681500063096 54281646992.2677
0.221 -0.289577891407574 55556391423.8331
0.2215 -0.290628466792209 54910242636.9017
0.222 -0.317677370362385 49827252751.9129
0.2225 -0.310315384787352 50589504605.6274
0.223 -0.304808635630169 51742956659.6945
0.223499999999999 -0.319595034397559 48925744702.5976
0.224 -0.30534589168686 50921429565.8644
0.2245 -0.299049168460118 51939645921.2121
0.225 -0.299606675700001 51675686342.7619
0.2255 -0.306437194328057 50681780986.5577
0.226 -0.298203754038782 51725478677.0449
0.2265 -0.293908589441829 52113670456.0027
0.227 -0.299119685809948 51212938169.4611
0.2275 -0.294660199506305 51672622291.7754
0.228 -0.280797853892792 54101873977.7393
0.2285 -0.285341585553224 52789121439.2162
0.229 -0.281493024444391 53426018377.1323
0.2295 -0.279793116272693 53681450968.9645
0.23 -0.267131530279852 55755656399.1015
0.2305 -0.287135496262155 51388528520.3485
0.231 -0.272165103523584 53903244016.0968
0.2315 -0.27271305900911 53600119345.7795
0.232 -0.26453418601185 55012409613.3253
0.2325 -0.259725511113166 55499380866.8094
0.233 -0.245727862240554 57719828079.5564
0.2335 -0.25155704302517 56093896834.8265
0.234 -0.245049917035939 57071127161.4124
0.2345 -0.231706016374696 59582736470.3126
0.235 -0.247825219487293 56287947008.3407
0.2355 -0.25552868145747 54863062460.1152
0.236 -0.243294752147197 56835563058.6482
0.2365 -0.247975939556087 55454122204.735
0.236999999999999 -0.243302210509528 56091004113.2315
0.2375 -0.234125901933529 57205318556.8812
0.238 -0.240260887963887 55777828342.0017
0.238499999999999 -0.233106747770462 56889369417.759
0.239 -0.229407209996919 57247618695.3246
0.2395 -0.236455506964644 55367801718.1765
0.24 -0.234895987331147 55226499977.805
0.2405 -0.23261339501234 55431186011.3088
0.241 -0.223761444912076 56036306373.1075
0.2415 -0.224581361579283 55787428257.976
0.242 -0.207434994379764 58610837438.2587
0.2425 -0.211019774689739 57796878032.1716
0.243 -0.200101330720695 59229392969.6166
0.2435 -0.197952164838677 59031572734.3658
0.244 -0.198205553755792 58411841383.2476
0.2445 -0.188826967620836 59779553462.6037
0.245 -0.205324953190789 56009330504.9252
0.2455 -0.192871664305904 57669449828.8374
0.246 -0.193475351943732 57592187269.4092
0.2465 -0.184365197246211 58921389856.1713
0.247 -0.174094197493138 60218310077.8388
0.2475 -0.173503477984718 60041567761.9178
0.247999999999999 -0.187177599465665 57114980023.3627
0.2485 -0.166266605334445 60618435320.468
0.249 -0.174930695184417 58849948097.9093
0.2495 -0.175743710539675 58076512105.7846
0.25 -0.166237321179636 59057955958.9339
