# Fix print output for fix def1
-5.57998700327767e-16 0.0091889631269966 3389578618.69062
0.000499999999999456 0.0377373071874876 7834650780.42778
0.000999999999999471 0.0672674513500836 12422738426.2635
0.00149999999999949 0.0954446394495482 16815076412.5515
0.0019999999999995 0.124044314605329 21279965451.317
0.00249999999999951 0.152237389091176 25677739578.4749
0.00299999999999953 0.180436831614611 30093166011.6395
0.00349999999999954 0.208675498529787 34496437444.0332
0.00399999999999944 0.236633640951407 38872956002.7223
0.00449999999999946 0.263981514937111 43155951895.9418
0.00499999999999947 0.292053242235728 47563457132.9302
0.00549999999999938 0.318908841039285 51774374133.441
0.00599999999999939 0.346558152646773 56127224654.8516
0.00649999999999941 0.373374153804335 60344645019.0519
0.00699999999999942 0.401936319652985 64841018951.6474
0.00749999999999943 0.428888117930254 69094908791.3717
0.00799999999999945 0.457582445466344 73624291802.6273
0.00849999999999946 0.483345212829486 77689865875.9805
0.00899999999999948 0.512387346392608 82272314087.8645
0.00949999999999949 0.538237199156109 86382232130.7045
0.00999999999999951 0.566611261357824 90869841471.5997
0.0104999999999995 0.593616188154037 95142414827.7531
0.0109999999999995 0.619960568834456 99326985956.5001
0.0114999999999995 0.647781126067919 103748594283.036
0.0119999999999993 0.673588117666279 107853901004.002
0.0124999999999994 0.701375361079139 112278985150.538
0.0129999999999994 0.727301941160688 116421388094.801
0.0134999999999994 0.755265179764731 120871865736.327
0.0139999999999994 0.78116038756375 125002382391.072
0.0144999999999994 0.807606605191468 129240266324.832
0.0149999999999994 0.835390855395152 133680361800.18
0.0154999999999994 0.860608979281878 137717850043.929
0.0159999999999995 0.88806407102878 142124876995.143
0.0164999999999995 0.915020254487582 146451009239.338
0.0169999999999995 0.940402772846373 150526036128.385
0.0174999999999995 0.968196435665874 154994926217.209
0.0179999999999995 0.993676245026651 159097052323.839
0.0184999999999995 1.01933148701582 163242763766.583
0.0189999999999995 1.04658150771322 167625698917.128
0.0194999999999996 1.07167639991094 171689680511.122
0.0199999999999993 1.09848266866009 176006492003.219
0.0204999999999994 1.12470284530607 180243376437.025
0.0209999999999994 1.15022828858124 184392909710.63
0.0214999999999994 1.17655464338727 188653000279.868
0.0219999999999994 1.20200641375225 192785540108.615
0.0224999999999994 1.22708823371572 196854573306.782
0.0229999999999994 1.2536977272515 201182566851.374
0.0234999999999994 1.27878207294491 205267473859.337
0.0239999999999995 1.30391573083997 209369156722.385
0.0244999999999995 1.33041497036181 213692074693.335
0.0249999999999995 1.35518495706144 217738172123.009
0.0254999999999995 1.38032772645817 221842357284.538
0.0259999999999995 1.40661552387773 226145768603.37
0.0264999999999995 1.43167173567533 230260234565.719
0.0269999999999995 1.45570475080355 234187332312.939
0.0274999999999993 1.48206224347382 238516576166.665
0.0279999999999994 1.50792472829823 242763141444.445
0.0284999999999994 1.53131174406576 246616259563.43
0.0289999999999994 1.55617270972986 250710143710.767
0.0294999999999994 1.58194598269468 254939562234.927
0.0299999999999994 1.60670625103506 259036233712.234
0.0304999999999994 1.63020737590436 262926089781.124
0.0309999999999994 1.65492460916337 267005560175.984
0.0314999999999995 1.68004502457469 271164577439.218
0.0319999999999995 1.70366632014949 275059582131.592
0.0324999999999995 1.72762973980011 279048030365.57
0.0329999999999995 1.75261268870804 283198075512.838
0.0334999999999995 1.77816249865805 287436604970.891
0.0339999999999995 1.80134466388426 291285224423.866
0.0344999999999995 1.82435924930667 295120289551.08
0.0349999999999996 1.84855658505845 299151652555.557
0.0354999999999996 1.87391553986254 303383749375.245
0.0359999999999996 1.8972663300407 307289349587.486
0.0364999999999996 1.91980110983994 311051493098.279
0.0369999999999996 1.94301577380499 314951832518.357
0.0374999999999996 1.96770085232042 319069223503.542
0.0379999999999996 1.99145151820862 323060080718.825
0.0384999999999997 2.014654764972 326955999973.939
0.0389999999999997 2.03736995357812 330783199333.958
0.0394999999999995 2.06061018039931 334686572202.001
0.0399999999999993 2.08395234827452 338609931510.867
0.0404999999999993 2.10793481568809 342650539257.616
0.0409999999999993 2.13151105449685 346625484507.64
0.0414999999999993 2.15368529816617 350378729192.48
0.0419999999999993 2.1763365152518 354229863715.239
0.0424999999999993 2.19844938018948 357976797082.396
0.0429999999999993 2.22187195529632 361933944623.828
0.0434999999999994 2.24500052004357 365852390898.443
0.0439999999999994 2.26781792372605 369732720264.552
0.0444999999999994 2.29004616042099 373506874139.531
0.0449999999999994 2.31186130818628 377234925466.993
0.0454999999999994 2.33467628687576 381119715765.525
0.0459999999999994 2.35727058157799 384979470619.084
0.0464999999999994 2.38023800019549 388890620927.316
0.0469999999999995 2.40213989737226 392628434272.931
0.0474999999999995 2.42463874618749 396493673863.419
0.0479999999999995 2.44609719129087 400163549674.91
0.0484999999999995 2.46784078210625 403890092086.034
0.0489999999999995 2.48951636702389 407610260772.694
0.0494999999999995 2.51133791184353 411353929074.538
0.0499999999999995 2.53391021899191 415245422082.268
0.0504999999999996 2.55637859900352 419105370684.604
0.0509999999999996 2.57813468933055 422856186555.237
0.0514999999999996 2.60002608334408 426636538786.853
0.0519999999999996 2.621391987303 430323255567.067
0.0524999999999996 2.64223316346613 433937242498.239
0.0529999999999996 2.66329900839964 437597206741.828
0.0534999999999996 2.68434315342343 441235155830.262
0.0539999999999997 2.70568640482039 444929329877.433
0.0544999999999997 2.72707425888786 448660837758.153
0.0549999999999995 2.74819251199245 452314852722.163
0.0554999999999993 2.76989669294446 456104066922.571
0.0559999999999993 2.79116388176346 459795507626.081
0.0564999999999993 2.81327280730394 463644514127.174
0.0569999999999993 2.83359381869024 467195966105.611
0.0574999999999993 2.85478302755362 470900244454.35
0.0579999999999993 2.87566559154256 474558844502.531
0.0584999999999993 2.8961752309132 478140235387.152
0.0589999999999994 2.91708400579827 481814220615.182
0.0594999999999994 2.93774591005894 485439159190.8
0.0599999999999994 2.957978166344 489006865711.69
0.0604999999999994 2.97875128531024 492642949242.75
0.0609999999999994 2.9982839886199 496083788985.065
0.0614999999999994 3.01861265983236 499675454768.554
0.0619999999999994 3.03892021041375 503271281438.759
0.0624999999999995 3.05925070139212 506857556399.954
0.0629999999999995 3.07910236288311 510369114412.507
0.0634999999999995 3.0993289291372 513960344604.434
0.0639999999999995 3.1185416607542 517372525797.847
0.0644999999999995 3.13827465887273 520876824131.142
0.0649999999999995 3.158037853603 524391086952.331
0.0654999999999995 3.17778784464268 527903644557.92
0.0659999999999995 3.19693261485634 531324779534.026
0.0664999999999996 3.21615449560246 534740745838.698
0.0669999999999996 3.23615176884692 538314228056.771
0.0674999999999996 3.2555534995353 541771835099.63
0.0679999999999996 3.27540983482577 545334754699.897
0.0684999999999996 3.29524008122988 548876844108.084
0.0689999999999996 3.31500664636448 552411085104.221
0.0694999999999996 3.33470353527612 555944442843.95
0.0699999999999997 3.35464223263847 559513363924.246
0.0704999999999992 3.37396094242968 562997543525.447
0.0709999999999992 3.39284082488178 566388216358.093
0.0714999999999993 3.41158196499898 569768083410.168
0.0719999999999993 3.43035359431238 573157138312.729
0.0724999999999993 3.44874092004149 576494004820.833
0.0729999999999993 3.46696048356417 579797422596.954
0.0734999999999993 3.4855716075489 583159479010.221
0.0739999999999993 3.50403302201952 586510717570.912
0.0744999999999993 3.52251224463101 589880415340.984
0.0749999999999994 3.54108676639954 593236785024.938
0.0754999999999994 3.56003920773429 596692395386.803
0.0759999999999994 3.57859693992212 600065860149.631
0.0764999999999994 3.59702765953128 603417708127.925
0.0769999999999994 3.61490576033154 606694406055.031
0.0774999999999994 3.6324045192835 609909415659.716
0.0779999999999994 3.65049032757859 613207547626.601
0.0784999999999995 3.66917594909392 616625908679.067
0.0789999999999995 3.68761977714736 620007225343.524
0.0794999999999995 3.70528749333329 623244812647.558
0.0799999999999995 3.7228922847804 626502410505.571
0.0804999999999995 3.74057066456507 629745372211.858
0.0809999999999995 3.75815357207853 632989113555.826
0.0814999999999995 3.77616570998999 636313407001.966
0.0819999999999996 3.7940344260578 639602166507.685
0.0824999999999996 3.81186216340305 642895283225.113
0.0829999999999996 3.82931540417622 646132496211.005
0.0834999999999996 3.84701179811039 649402461612.284
0.0839999999999996 3.86404858752097 652557943608.193
0.0844999999999996 3.88186641729903 655884661356.593
0.0849999999999996 3.89925134212742 659106036875.415
0.0854999999999994 3.91625008210096 662283046921.215
0.0859999999999992 3.93362685625502 665515026259.178
0.0864999999999992 3.9507944471617 668718446910.462
0.0869999999999993 3.96763732919327 671857326375.765
0.0874999999999993 3.9847186478523 675066903555.01
0.0879999999999993 4.00133603032664 678173732853.358
0.0884999999999993 4.01839800097027 681377838053.775
0.0889999999999993 4.03512021930011 684529271229.689
0.0894999999999993 4.05186425738005 687661573654.934
0.0899999999999993 4.06827079104152 690738281599.272
0.0904999999999994 4.08562567713931 694015863482.632
0.0909999999999994 4.10206811898571 697096889074.18
0.0914999999999994 4.11823439162657 700169812952.303
0.0919999999999994 4.13467728340987 703277306587.877
0.0924999999999994 4.15147524779701 706442632048.383
0.0929999999999994 4.16794683638621 709573993478.99
0.0934999999999994 4.18384363748959 712584949829.615
0.0939999999999995 4.20005253858492 715675764567.796
0.0944999999999995 4.21622916260367 718738042822.431
0.0949999999999995 4.23214237476413 721776236216.805
0.0954999999999995 4.24820139807221 724839249958.99
0.0959999999999995 4.26463255646302 727974137847.349
0.0964999999999995 4.28069996751251 731040903490.94
0.0969999999999995 4.29616094800248 733997927454.1
0.0974999999999996 4.31172199284665 736980833261.564
0.0979999999999996 4.32772870924814 740050763651.424
0.0984999999999996 4.34302832868101 742994728490.638
0.0989999999999996 4.3591509981378 746095388294.52
0.0994999999999996 4.37442421987106 749029122408.523
0.0999999999999996 4.3899685293771 752032849672.096
0.1005 4.40558972806382 755042016206.141
0.100999999999999 4.42067804237203 757955274588.699
0.101499999999999 4.43578448509983 760881476959.027
0.101999999999999 4.45112090349127 763861038133.074
0.102499999999999 4.46638363548731 766820210103.309
0.102999999999999 4.48145083243378 769746059363.401
0.103499999999999 4.4961201413021 772619665864.68
0.103999999999999 4.51124690354874 775556039218.773
0.104499999999999 4.52630922179163 778490795884.921
0.104999999999999 4.54135443635449 781417722498.602
0.105499999999999 4.55608478781716 784298096632.591
0.105999999999999 4.57081217867038 787181567108.859
0.106499999999999 4.58591996398225 790130133768.403
0.106999999999999 4.60022897741672 792946332689.051
0.107499999999999 4.61478697742361 795820526177.132
0.107999999999999 4.62923850460149 798656160753.359
0.108499999999999 4.64361500468189 801505682272.116
0.108999999999999 4.65841535657423 804404270182.404
0.109499999999999 4.67248605868602 807183190188.206
0.109999999999999 4.68754497365223 810142657161.99
0.110499999999999 4.70162813532845 812932026786.35
0.111 4.71579246645624 815756276616.442
0.1115 4.73058689543331 818665594284.825
0.112 4.74423013010176 821392078211.567
0.1125 4.75886338543254 824292172358.692
0.113 4.7725511854068 827033035147.703
0.1135 4.78691638974674 829884337616.306
0.114 4.80088821469162 832675690579.783
0.1145 4.81453651559976 835407171267.342
0.115 4.82909473651097 838308171455.467
0.1155 4.84227627691734 840959263679.93
0.115999999999999 4.85611936245711 843733532020.041
0.116499999999999 4.86990688844009 846499771342.465
0.116999999999999 4.88249661397843 849084179662.885
0.117499999999999 4.89439664034678 851556145255.235
0.117999999999999 4.90579632098179 853965752391.561
0.118499999999999 4.91505909760069 856012787062.036
0.118999999999999 4.92261600229216 857796152742.084
0.119499999999999 4.92952887027294 859466065402.348
0.119999999999999 4.93663791002538 861156558135.574
0.120499999999999 4.94280752461329 862717875902.031
0.120999999999999 4.9489866726917 864279398053.821
0.121499999999999 4.95391282527997 865610993921.238
0.121999999999999 4.95985573942806 867127697820.696
0.122499999999999 4.96129991973883 867912358596.389
0.122999999999999 4.95846951596925 867980245549.379
0.123499999999999 4.95722220701733 868370178044.022
0.123999999999999 4.95052462053764 867809781603.134
0.124499999999999 4.94092813265852 866866941622.402
0.124999999999999 4.92990769736826 865656197966.843
0.125499999999999 4.92059852278766 864703004018.422
0.125999999999999 4.90691755263468 863115646023.693
0.1265 4.88608173664145 860333052920.453
0.127 4.86705000727363 857818604594.333
0.1275 4.83760251581034 853649440639.781
0.128 4.80940556210252 849742802091.378
0.1285 4.77650526834541 844959069457.174
0.129 4.74249511202711 840199704630.959
0.1295 4.69750765205683 833586874306.441
0.13 4.64993875688045 826753490282.684
0.1305 4.60322852687213 819898272184.29
0.131 4.546625713182 811560722291.426
0.131499999999999 4.48492864364373 802377322548.126
0.131999999999999 4.42380042066854 793193895394.071
0.132499999999999 4.35929680610087 783383217894.987
0.132999999999999 4.29270020375774 773279498664.011
0.133499999999999 4.21541141064228 761371824369.255
0.133999999999999 4.14406110981049 750698064113.854
0.134499999999999 4.06917158487266 739397352734.249
0.134999999999999 3.99363763506328 727794159465.2
0.135499999999999 3.90159915800028 713352347756.554
0.135999999999999 3.8183845500433 700542552104.777
0.136499999999999 3.71372908685447 684311411137.189
0.136999999999999 3.61307800706868 668802466895.931
0.137499999999999 3.50667911021255 652060721306.826
0.137999999999999 3.39632666527122 634937760624.107
0.138499999999999 3.26674966224581 614346164749.788
0.138999999999999 3.14452184462311 595042078039.037
0.139499999999999 3.01148118887878 573999827045.638
0.139999999999999 2.86851309883353 550892867632.489
0.140499999999999 2.72768824628253 528584066334.997
0.140999999999999 2.58495776394567 505049386686.368
0.141499999999999 2.43310759269278 480297201245.958
0.141999999999999 2.27935145726915 455150878618.238
0.1425 2.12125264376172 429103752328.587
0.143 1.93944154807662 398638376777.339
0.1435 1.77582456469559 371065136119.748
0.144 1.60952193819652 342713976768.105
0.1445 1.4295923565357 311881783308.723
0.145 1.25219899689757 281102970901.594
0.1455 1.07063294262444 249419054675.52
0.146 0.910089746034902 221232122656.063
0.146499999999999 0.755327338901784 193782224922.501
0.146999999999999 0.575265365593959 161944055010.207
0.147499999999999 0.437521080279743 137235487118.801
0.147999999999999 0.329714979406584 117908446433.153
0.148499999999999 0.259290820522361 105248472920.636
0.148999999999999 0.202361135608413 94782841849.6308
0.149499999999999 0.122490868429103 80460125813.5795
0.149999999999999 0.0496809541859274 67305149577.3024
0.150499999999999 -5.50313303005405e-05 58233514865.7858
0.150999999999999 -0.0108583434471993 56097635757.5845
0.151499999999999 -0.0422864458274437 49883852213.4612
0.151999999999999 -0.0659829857902625 45631476526.7349
0.152499999999999 -0.121571571055182 35378330854.5304
0.152999999999999 -0.141037153222475 31238132643.7817
0.153499999999999 -0.164441792013742 26851173059.2454
0.153999999999999 -0.155231017842617 27349571981.1066
0.154499999999999 -0.133414474376904 30889855092.5253
0.154999999999999 -0.154923422235723 26774553220.8099
0.155499999999999 -0.149629378262178 27656968809.9063
0.155999999999999 -0.162476781360312 24990187453.6736
0.156499999999999 -0.173004411374855 22817596025.9872
0.156999999999999 -0.179630023355764 21220030581.6953
0.1575 -0.159865391478937 24199572999.0719
0.158 -0.138912937484459 27632819106.0393
0.1585 -0.135189594580958 28306570132.3722
0.159 -0.14739041016964 26171535668.9627
0.1595 -0.156321638685451 24119442413.9
0.16 -0.149064925042802 25239796592.9248
0.1605 -0.125653747884324 28975806390.0838
0.161 -0.121137164542102 29643853760.6019
0.1615 -0.122639225264861 29541983894.7442
0.161999999999999 -0.10726825113078 31796295270.2673
0.162499999999999 -0.0822216723331871 36129240514.6637
0.162999999999999 -0.0748365782808436 37482428596.4858
0.163499999999999 -0.06163096659613 39505103104.1153
0.163999999999999 -0.0707930497786381 37648069257.8788
0.164499999999999 -0.0671379908208776 38166331745.9788
0.164999999999999 -0.0674963059277412 38223600823.9829
0.165499999999999 -0.0735442203515781 36776432774.8972
0.165999999999999 -0.0468943706906351 41501802487.829
0.166499999999999 -0.0342396119455074 43664000401.5025
0.166999999999999 -0.0370480697032844 43332857992.7297
0.167499999999999 -0.0288157307855483 44543807711.8796
0.167999999999999 -0.0222952760526161 45566923771.1588
0.168499999999999 -0.0228335793315254 45623742905.6497
0.168999999999999 -0.0401723050020611 42240225286.6099
0.169499999999999 -0.0588338825636884 38995498697.4148
0.169999999999999 -0.0470106486890735 40897907376.3511
0.170499999999999 -0.02510439412829 44580718397.414
0.170999999999999 -0.016878084225575 46222599003.5117
0.171499999999999 -0.0325944422906687 43141130837.0778
0.171999999999999 -0.01913042516779 45451196751.5233
0.172499999999999 -0.0259770222917705 44256811185.129
0.172999999999999 -0.023529212318177 44478917246.8168
0.1735 -0.0184434176280292 45660597171.3555
0.174 -0.0297177278847815 43536499362.3326
0.1745 -0.0276748859087977 43573859807.0049
0.175 -0.0334310361587793 42536588247.0938
0.1755 -0.010288636510979 46757497635.4448
0.176 -0.0157894229679845 45652841098.1677
0.1765 -0.000238341336359382 48270374346.4704
0.176999999999999 -0.00479314761548736 47480258565.7526
0.177499999999999 -0.000356725855274094 48553553772.9639
0.177999999999999 0.0081282085805659 49798458168.1598
0.178499999999999 0.000611833097734713 48445132715.4543
0.178999999999999 0.0127014145006749 50314234409.8857
0.179499999999999 0.010845448443183 49822626362.6145
0.179999999999999 0.0254119653119165 52639257130.7293
0.180499999999999 0.0279675783989805 53028688196.7633
0.180999999999999 0.0215533348665064 52221900251.3165
0.181499999999999 0.0284625278618875 53062918507.5141
0.181999999999999 0.0511813142667502 57074258306.6246
0.182499999999999 0.0471741950335781 56082372618.8852
0.182999999999999 0.0291201394613969 52832124428.4688
0.183499999999999 0.0420548353462718 55222183787.5285
0.183999999999999 0.0404786224732982 55148524113.4577
0.184499999999999 0.0423298216527136 55525326100.3843
0.184999999999999 0.0364882061485487 54003877849.7861
0.185499999999999 0.0312009582805995 53357229075.7019
0.185999999999999 0.016634318151273 50790250340.0441
0.186499999999999 0.0288575631050618 52632003641.7638
0.186999999999999 0.0220191398058782 51543133831.9518
0.187499999999999 0.00548176879824965 48408539643.7443
0.187999999999999 0.0234942556495307 51260574473.0546
0.1885 0.0101922420417938 48859597330.5719
0.189 0.0240449571125035 51642115910.727
0.1895 0.0344990351176208 53207503327.8025
0.19 0.0322328615367611 53096894554.4971
0.1905 0.0467069228941488 55496694280.5899
0.191 0.036166788308781 53376063501.6047
0.1915 0.033209620045791 52847264468.0404
0.192 0.0387515612521124 53871459206.6599
0.192499999999999 0.0549920822208245 56704103084.2451
0.192999999999999 0.0451930259375653 55180159626.176
0.193499999999999 0.0645057064642263 58605562636.8993
0.193999999999999 0.062393713408767 57952281770.6796
0.194499999999999 0.0888813907483876 62683527030.9376
0.194999999999999 0.0707545429629159 59790341828.2335
0.195499999999999 0.0742304366101488 60029580517.2337
0.195999999999999 0.0717254009624799 59488393807.1443
0.196499999999999 0.0778851238419325 60476405016.6117
0.196999999999999 0.0783006949888459 60917468268.9319
0.197499999999999 0.0916339766230091 63171630202.122
0.197999999999999 0.0950127391017048 63655883833.3954
0.198499999999999 0.102995469396074 65175224451.1084
0.198999999999999 0.0937228851978389 63091721358.8075
0.199499999999999 0.0988060726719136 64255197342.9603
0.199999999999999 0.087131477339729 61800369778.4583
0.200499999999999 0.0831305728083562 61037610054.6539
0.200999999999999 0.0681813755318048 58820972878.7477
0.201499999999999 0.0553557616689715 56538513705.3534
0.201999999999999 0.0547364537377881 55768212992.2835
0.202499999999999 0.0641662763475412 57752068821.2303
0.202999999999999 0.0652370525242518 57932733051.3855
0.203499999999999 0.0814507835225162 60871304321.8217
0.203999999999999 0.0783576040005843 60126257859.5413
0.2045 0.0662759958078674 57956758660.0509
0.205 0.0687446973067997 58660872923.2249
0.2055 0.0665538343832503 57825347245.5344
0.206 0.0791797001902088 60163991550.0279
0.2065 0.0815120730116037 60336773945.3204
0.207 0.0875472455423189 61575241978.9462
0.207499999999999 0.0823594227146772 60552733817.615
0.207999999999999 0.0798069019039827 60212270721.9062
0.208499999999999 0.117847561863331 67167336539.6221
0.208999999999999 0.120248752406357 67538990958.638
0.209499999999999 0.119994955746323 67528396146.5122
0.209999999999999 0.118556521582252 67587147804.312
0.210499999999999 0.113809239434897 66527030452.1479
0.210999999999999 0.11553204827242 66556829374.0666
0.211499999999999 0.117136580443643 66751840475.3965
0.211999999999999 0.118895867457622 67168986296.1176
0.212499999999999 0.112377275661161 65677159850.3379
0.212999999999999 0.122192599397813 67921950481.7173
0.213499999999999 0.105757414053144 64863458597.8372
0.213999999999999 0.104227794358897 64290488287.3619
0.214499999999999 0.117337697212757 66489054712.9289
0.214999999999999 0.101600410828281 63459990765.6771
0.215499999999999 0.112501866386694 65844939812.7577
0.215999999999999 0.105135890045415 64702684368.2311
0.216499999999999 0.111418156881618 65480165291.6224
0.216999999999999 0.0921698305917428 61889741909.2148
0.217499999999999 0.0995572432316224 63288636781.7494
0.217999999999999 0.100694451935561 63512627987.8254
0.218499999999999 0.0973065741856744 62936099306.9598
0.218999999999999 0.0886623242841926 61309622065.8744
0.2195 0.111985738735357 65449271347.0143
0.22 0.107132698006845 64492936574.8022
0.2205 0.103240216993766 63650794764.5148
0.221 0.107293214438532 64883179549.5671
0.2215 0.130774645362025 68779398126.0689
0.222 0.114042751350509 66082056446.9081
0.2225 0.112841675966949 65805221676.5018
0.222999999999999 0.118579782539635 66843063720.6596
0.223499999999999 0.118703369180734 67046744444.9957
0.223999999999999 0.116727067108098 66556794971.0639
0.224499999999999 0.121036663609524 67200306388.7693
0.224999999999999 0.104709045259153 64200537335.0958
0.225499999999999 0.110605293529324 65306242060.2494
0.225999999999999 0.113686397836388 65837157808.2627
0.226499999999999 0.115800578396979 66184807549.5723
0.226999999999999 0.120320095706077 67288098243.3673
0.227499999999999 0.115792222351021 66182118985.9582
0.227999999999999 0.122672125093742 67499740426.7034
0.228499999999999 0.111812481796272 65495794987.9125
0.228999999999999 0.120226765952575 66936548220.9692
0.229499999999999 0.132189891294165 69144475415.4413
0.229999999999999 0.137328232654992 70262578199.4331
0.230499999999999 0.124673549147324 67570305604.5721
0.230999999999999 0.118774211194771 66538901076.1093
0.231499999999999 0.113389106353163 65662932605.5694
0.231999999999999 0.110559881725696 64944488217.705
0.232499999999999 0.125634047841489 67713614628.5049
0.232999999999999 0.111022024749667 65191461961.2194
0.233499999999999 0.113622783940221 65888571409.7239
0.233999999999999 0.12196401365589 67201401030.4966
0.234499999999999 0.124264692670441 67549124413.7357
0.234999999999999 0.126693667106869 68252870441.6945
0.235499999999999 0.118966149299766 67074432882.9561
0.236 0.106676821592056 64781084111.2506
0.2365 0.120959151945474 67153569974.3112
0.236999999999999 0.126581088239281 68032107335.2739
0.237499999999999 0.118099477380689 66761747044.4118
0.237999999999999 0.122037379645995 66951891122.8976
0.238499999999999 0.116265404715827 66243551605.264
0.238999999999999 0.121705106528742 67040482011.7474
0.239499999999999 0.122961836193813 67392988214.2666
0.239999999999999 0.120757767294811 67205696734.4075
0.240499999999999 0.106538748925438 64124994071.5744
0.240999999999999 0.123457089009756 66911487265.2174
0.241499999999999 0.110432244693561 64777881019.8666
0.241999999999999 0.109956412366952 64528788269.7019
0.242499999999999 0.106782467057341 64215611685.867
0.242999999999999 0.107861601531102 64287405867.9092
0.243499999999999 0.120640563186351 66624978476.6292
0.243999999999999 0.113212956043201 65166051510.2634
0.244499999999999 0.117570727567337 66124500937.083
0.244999999999999 0.112238262701223 65144186095.5296
0.245499999999999 0.120998691541031 66638664236.6794
0.245999999999999 0.120632879830538 66548047344.8674
0.246499999999999 0.121937272721247 67328526315.3906
0.246999999999999 0.124458512539412 67257726169.2119
0.247499999999999 0.123105156907356 67263847000.2669
0.247999999999999 0.131198322669144 68660415995.6009
0.248499999999999 0.135242799721661 69560236705.2691
0.248999999999999 0.135291951864045 69489510987.3841
0.249499999999999 0.126380112912897 67580245089.8176
0.249999999999999 0.135874167872647 69686752218.1344
