# Fix print output for fix def1
0 0.00668791731291288 2988603379.36147
0.000500000000000079 0.0354819200071994 7462235430.21289
0.00100000000000005 0.0644472996635357 11966710818.685
0.00150000000000001 0.093216797710071 16447927258.0074
0.00200000000000009 0.12109137219449 20799998563.9322
0.00250000000000006 0.149680650186252 25260352541.5497
0.00300000000000003 0.17660161280621 29468654030.3027
0.00350000000000011 0.205041696726907 33914306106.2561
0.00400000000000007 0.232226131917311 38163797964.7275
0.00450000000000004 0.25972109832264 42466989005.763
0.00500000000000001 0.286595897222167 46685818184.5005
0.00549999999999998 0.314141608044645 51014982267.796
0.00600000000000005 0.341234655188889 55275932096.6957
0.00649999999999991 0.367570636917891 59419307206.5342
0.00699999999999999 0.394258352545635 63611338590.3391
0.00750000000000007 0.422092575345723 68004151749.4876
0.00799999999999992 0.44958694792143 72344284546.5443
0.0085 0.475913648554771 76484608005.6556
0.00900000000000008 0.503503452302097 80859944611.8395
0.00949999999999994 0.529472075172203 84976604999.1667
0.01 0.557562609190649 89418478075.8364
0.0105000000000001 0.583668971258642 93565039771.5528
0.011 0.610231178482563 97783892511.4108
0.0115 0.636703944826912 101998236694.216
0.0120000000000001 0.663465713751051 106239725351.995
0.0125 0.690599378576629 110562088569.996
0.013 0.716326155551539 114664801313.192
0.0134999999999999 0.742983709143915 118913071870.817
0.014 0.769383491076404 123130451062.087
0.0145000000000001 0.7954572271876 127294551775.266
0.0149999999999999 0.82234143184029 131610776291.118
0.0155 0.847518135260361 135636337875.623
0.0160000000000001 0.874433160817937 139957473133.182
0.0164999999999999 0.900162815489622 144069446326.747
0.017 0.926284182891436 148279022835.007
0.0175000000000001 0.952634716773913 152515174771.572
0.0179999999999999 0.977680867321447 156543126891.131
0.0185 1.00388091738925 160771173931.541
0.0190000000000001 1.02969553381172 164935876715.357
0.0195 1.05440055749807 168927601260.96
0.02 1.0821404460454 173396418852.989
0.0205000000000001 1.10710828957068 177432601068.255
0.021 1.13209245245729 181501985141.144
0.0215 1.15875877818062 185806105608.415
0.0219999999999999 1.18360717921592 189846365129.965
0.0225 1.20789609547563 193806852622.091
0.0230000000000001 1.23407047610382 198052974317.293
0.0234999999999999 1.25916476189022 202130385834.118
0.024 1.28309421243097 206031724000.616
0.0245000000000001 1.30937097275452 210310981884.309
0.0249999999999999 1.33337363802501 214252883196.862
0.0255 1.35726014510423 218135602016.217
0.0260000000000001 1.38278037420841 222323217127.141
0.0264999999999999 1.40849337971182 226513198450.664
0.027 1.43303628641934 230549362234.342
0.0275000000000001 1.45810052076867 234659800681.392
0.028 1.48355540673148 238835666163.889
0.0285 1.50716357235305 242722916689.425
0.0290000000000001 1.53188906956999 246797217246.747
0.0295 1.55745150081358 251004583854.861
0.03 1.58152408022713 254960596456.064
0.0305000000000001 1.60508152546845 258867559663.427
0.031 1.62987971054486 262968259554.052
0.0315000000000001 1.65389383147742 266930013996.003
0.0320000000000001 1.67692004346847 270756028835.59
0.0325000000000002 1.70027153902443 274627402802.382
0.0330000000000001 1.72481704786679 278692076180.348
0.0334999999999999 1.74917411323381 282731914406.21
0.034 1.77269201509748 286651964514.113
0.0345000000000001 1.79603358231175 290536157646.925
0.0350000000000002 1.82081377423025 294661202349.064
0.0355000000000002 1.84445379744513 298614172824.31
0.0359999999999999 1.86797309444219 302538779378.927
0.0365 1.8910910880278 306409661743.595
0.037 1.91465625679734 310349729527.033
0.0375000000000001 1.93795377447783 314261343377.988
0.0380000000000002 1.96116828259147 318150634547.157
0.0385 1.98357890234354 321913463047.381
0.0389999999999999 2.00734967501214 325901926523.096
0.0395 2.03019231385537 329751984210.079
0.0400000000000001 2.05299626646348 333598246984.018
0.0405000000000001 2.07555083210802 337395772887.951
0.0410000000000002 2.09845903521978 341269102299.946
0.0415000000000001 2.12088028434568 345052874500.384
0.0419999999999999 2.14295551090575 348794127899.252
0.0425 2.16528824984682 352580440961.305
0.0430000000000001 2.18740976498443 356319034527.156
0.0435000000000002 2.20948186984188 360069607873.214
0.044 2.23124946204832 363775790797.816
0.0445000000000001 2.25261965749549 367405461123.338
0.045 2.27463622618807 371152457057.699
0.0455 2.29627935129928 374857961988.412
0.0460000000000001 2.31858568578765 378657457461.135
0.0465000000000002 2.3409467458822 382475612455.885
0.047 2.36338740091668 386299343976.936
0.0474999999999999 2.38526965753742 390038332755.065
0.048 2.40711567352639 393780560251.734
0.0485000000000001 2.42884430388828 397506961020.818
0.0490000000000001 2.45039277255502 401209888450.16
0.0495000000000002 2.47168744018036 404864123553.614
0.0500000000000001 2.49346402296927 408607507395.387
0.0504999999999999 2.5153280196614 412365621038.422
0.051 2.53682676429809 416083492103.817
0.0515000000000001 2.55791959923965 419719882699.818
0.0520000000000002 2.57946362807902 423429160381.981
0.0525000000000002 2.59990370170188 426979692630.726
0.0530000000000001 2.62079853773174 430592575385.963
0.0535 2.64171363698193 434223437463.066
0.054 2.66298594799673 437905133556.577
0.0545000000000001 2.68408452626622 441575118253.634
0.0550000000000002 2.70546048377735 445288420013.518
0.0555000000000001 2.72632894541632 448926345782.356
0.0559999999999999 2.7471132455847 452543294493.37
0.0565 2.76803133243268 456175841123.526
0.0570000000000001 2.78890079078871 459823070553.117
0.0575000000000001 2.81024888180958 463555380875.984
0.0580000000000002 2.83046592150343 467098454213.065
0.0585000000000001 2.85043180809676 470588395007.067
0.0589999999999999 2.87007136380816 474046263369.037
0.0595 2.89005357563102 477553786888.056
0.0600000000000001 2.91015765302917 481086798715.035
0.0605000000000002 2.93047980991615 484656793079.296
0.0610000000000002 2.95033528822428 488165397009.264
0.0614999999999999 2.97001918891057 491633238939.835
0.062 2.99026663740155 495208118505.885
0.0625 3.00958316519867 498625755791.781
0.0630000000000001 3.0301092400791 502247260287.517
0.0635000000000002 3.0497568302535 505723262357.54
0.0640000000000001 3.06880227799019 509111183261.896
0.0644999999999999 3.08814852592859 512557564499.72
0.065 3.10801827353119 516081990021.059
0.0655000000000001 3.12725010931857 519511352441.773
0.0660000000000001 3.14748574234155 523108131581.811
0.0665000000000002 3.16642836291008 526467210255.247
0.0670000000000001 3.18575333132561 529923546410.963
0.0674999999999999 3.20484525468693 533331318370.286
0.068 3.22374747737578 536725043853.148
0.0685000000000001 3.24293822350041 540159210299.27
0.0690000000000002 3.26256516891779 543665546837.087
0.0695000000000003 3.28242556443524 547209719690.743
0.0700000000000001 3.30146575476466 550634264898.981
0.0705 3.32011897170852 553999123524.322
0.071 3.33851047094343 557317992480.103
0.0715000000000001 3.35704259351941 560659998914.177
0.0720000000000002 3.37538838520449 563971148909.266
0.0725000000000001 3.39332543778387 567221143657.47
0.0729999999999999 3.41197000517924 570589420314.619
0.0735 3.43036641731558 573916302030.188
0.0740000000000001 3.4485196074768 577210515053.208
0.0745000000000001 3.4669080153071 580545394164.098
0.0750000000000002 3.48553221742017 583937186408.069
0.0755000000000001 3.5037680613451 587255712925.445
0.0759999999999999 3.52160981830101 590504429836.393
0.0765 3.53995057909379 593847899248.169
0.0770000000000001 3.55789090659798 597117698705.092
0.0775000000000002 3.57522484766705 600294635527.089
0.0780000000000002 3.59273590406648 603519825603.821
0.0784999999999999 3.61087354213913 606827183298.322
0.079 3.62924620573542 610187045034.095
0.0795 3.64692767163004 613424184199.992
0.0800000000000001 3.66417786074074 616599774511.657
0.0805000000000002 3.68159835323385 619811336507.832
0.0810000000000003 3.69891973651603 623018000813.408
0.0814999999999999 3.71631881160515 626216324879.331
0.082 3.73440894599457 629545642725.844
0.0825000000000001 3.75214998550215 632826166284.552
0.0830000000000002 3.76912384854237 635962227527.186
0.0835000000000002 3.78584283010544 639070111157.023
0.0840000000000001 3.80223185059661 642133487337.058
0.0844999999999999 3.82003408363004 645422092492.052
0.085 3.83717514943661 648602661467.131
0.0855000000000001 3.85465933580638 651852469194.275
0.0860000000000002 3.87168308870975 655012328127.854
0.0865000000000003 3.88857225490317 658167041164.612
0.0869999999999999 3.90613029465009 661444348700.847
0.0875 3.92186061364753 664409599270.84
0.0880000000000001 3.93493171749803 666986304208.546
0.0885000000000001 3.9476828936489 669546006569.25
0.0890000000000002 3.96247727767398 672352765990.199
0.0895000000000001 3.97401445935938 674629169361.6
0.0899999999999999 3.98515895659645 676906428319.344
0.0905 3.9972320092919 679293550709.708
0.0910000000000001 4.00784754341472 681463262754.361
0.0915000000000002 4.01727771847737 683404240320.843
0.0920000000000002 4.02554720412846 685175143660.393
0.0925000000000001 4.03374591477599 686923302721.577
0.0929999999999999 4.04109788930966 688613625994.689
0.0935 4.04829001807906 690227738938.293
0.0940000000000001 4.05456926357908 691645637339.413
0.0945000000000002 4.06049018219237 693043905321.445
0.0950000000000003 4.06784157349515 694676829950.105
0.0954999999999999 4.06988258474286 695550994236.545
0.096 4.07309750712154 696540642700.643
0.0965 4.07766004181905 697688557293.785
0.0970000000000001 4.07940350082002 698469066468.97
0.0975000000000002 4.08252066928508 699411636697.994
0.0980000000000003 4.08313172096696 699976608468.495
0.0984999999999999 4.08339632968998 700469308730.163
0.099 4.08442029602012 701082775900.365
0.0995000000000001 4.08296691812358 701268204841.948
0.1 4.08139936405119 701569050657.99
0.1005 4.07436788149914 700916874996.42
0.101 4.07032026722182 700814741308.292
0.1015 4.05545930540338 698989670605.08
0.102 4.03707354050759 696590254038.027
0.1025 4.01789846650972 694041957268.24
0.103 3.99960095539087 691737290862.225
0.1035 3.97566062168707 688376302937.112
0.104 3.95306162887026 685167944435.089
0.1045 3.93085853025594 682037090816.334
0.105 3.90296432354575 677998158091.393
0.1055 3.86515267404104 672460475676.66
0.106 3.83206196730242 667719715767.931
0.1065 3.79723785455823 662608902047.115
0.107 3.74491500474168 654699927244.169
0.1075 3.6944627311552 647137259561.96
0.108 3.64915688718677 640381693713.052
0.1085 3.60125168304313 632983154681.521
0.109 3.539284285831 623502377758.045
0.1095 3.47604171804886 613916834613.012
0.11 3.4087183559173 603515061111.152
0.1105 3.3373640304041 592501212894.198
0.111 3.2658508043337 581473879998.022
0.1115 3.1805596772455 568338300955.46
0.112 3.09525007564075 554913010292.439
0.1125 3.0087086313329 541057073430.15
0.113 2.92608729977523 528233459747.672
0.1135 2.83365202939816 513692037401.492
0.114 2.73300767318747 497639568508.205
0.1145 2.627938035719 480840083936.708
0.115 2.52923864810765 465000644044.377
0.1155 2.42007766290599 447312775459.372
0.116 2.31602777448773 430340697280.049
0.1165 2.20712027063727 412633012312.096
0.117 2.09221426163744 394048710193.296
0.1175 1.9779527399797 375026399419.992
0.118 1.8605414413805 355506769684.443
0.1185 1.74286470058456 335964430455.68
0.119 1.63305710859387 317675619550.654
0.1195 1.51220809816263 297168140259.678
0.12 1.4032256870961 278776662814.937
0.1205 1.28425651609304 258585628306.355
0.121 1.17076617893451 239103850758.277
0.1215 1.07090397825833 221828277385.469
0.122 0.959470493106657 202667914401.902
0.1225 0.847658229296486 183606332820.151
0.123 0.754269686059221 167126966893.011
0.1235 0.651783977284922 149649107659.785
0.124 0.558877280687751 133729082818.46
0.1245 0.48720459169299 121203200323.685
0.125 0.42621123118979 110894370023.671
0.1255 0.364492815385011 99785940949.0191
0.126 0.303278322559719 89126808854.4567
0.1265 0.249473873525388 79468672435.5042
0.127 0.177800487297534 67105091153.8865
0.1275 0.134369195509125 59054432501.9425
0.128 0.118784261606084 55855077042.3996
0.1285 0.094544238036865 51690011018.8414
0.129 0.0724961457022639 47468565096.1684
0.1295 0.0548479854596274 44392775083.7691
0.13 0.0368898815355683 41101749472.392
0.1305 0.0284735408402516 39125996856.036
0.131 0.00447487366873902 34640366040.9643
0.1315 -0.0210464782000295 30027995044.8019
0.132 -0.0258935664972614 29040298505.2645
0.1325 -0.0339532643979802 27344037164.6316
0.133 -0.0369292729309392 26623429822.5842
0.1335 -0.0337085487386582 27330854601.3027
0.134 -0.0288403499544592 27848035163.7836
0.1345 -0.0277217360803167 27746009499.007
0.135 -0.0493244217054348 23845022984.3497
0.1355 -0.047152401904417 24046007543.5554
0.136 -0.0270677433278907 27494436412.9275
0.1365 -0.0303074804387283 26657145347.0063
0.137 -0.0326417231817756 26141616207.5158
0.1375 -0.0271152815515241 26949585027.7436
0.138 -0.0192759874375583 28209497977.7017
0.1385 -0.00644315514339503 30140315880.0118
0.139 -0.0149497964717289 28820240207.5294
0.1395 -0.00595733318207887 30133290105.4343
0.14 -0.00783554894808963 29820328667.6757
0.1405 -0.0053036022480901 30080700410.6348
0.141 -0.0147730240121709 28239594285.2257
0.1415 -0.00752528437625041 29697279786.0287
0.142 -0.00966122990569507 29068648078.3462
0.1425 0.00217584802937933 30792892549.1397
0.143 0.00696739379134999 31733452649.762
0.1435 -0.00314438325862287 30105353138.7879
0.144 0.00633365515531747 31507806107.4142
0.1445 0.00765492505837934 31854917454.8072
0.145 0.00204357246959144 30880686804.9334
0.1455 0.0174695266010112 33500271845.4617
0.146 0.0227804496011264 34168306487.0435
0.1465 0.04610741028182 38545037297.0652
0.147 0.0503864822984295 39090429838.9059
0.1475 0.0521752489439199 39419954074.9809
0.148 0.0366730929102743 36431331842.4402
0.1485 0.0282184902032941 34924418072.9385
0.149 0.0289859931666758 35062434468.97
0.1495 0.0339071632787286 35985841403.3816
0.15 0.0317810092198349 35545796310.9832
0.1505 0.014513615157517 32522681785.6321
0.151 0.0104198272530384 31648880024.022
0.1515 0.0152054372961661 32634557035.9348
0.152 0.0138681881305644 32180124328.6633
0.1525 0.0249119525369881 34352494136.0228
0.153 0.02834970757719 34907470127.654
0.1535 0.033488037024822 36121984996.1
0.154 0.0201254586881614 33362976477.3864
0.1545 0.0300899276991514 35046378093.9215
0.155 0.0331584277028965 35564612144.4007
0.1555 0.0333694120104354 35862434067.7957
0.156 0.0518084358851049 38931879249.6154
0.1565 0.0625831439508602 40794410456.8724
0.157 0.0588075830747237 40111476069.4415
0.1575 0.0736886906512155 42771479691.7892
0.158 0.0659436908087401 41066603465.0314
0.1585 0.0619108916465171 40463508543.4226
0.159 0.0590170710736497 39936323835.6911
0.1595 0.0688277637947575 41920633357.839
0.16 0.0782383341858395 43309468234.221
0.1605 0.0836624775486738 44415830786.6143
0.161 0.0865579950572406 44914277973.639
0.1615 0.0855763802674757 44761152047.6002
0.162 0.0855879448168236 44773819360.3623
0.1625 0.0779164529519404 43377488908.669
0.163 0.0717841485011288 42157409290.7226
0.1635 0.0809697321313784 43694585192.8579
0.164 0.0647592120330025 40948058463.8337
0.1645 0.0803915450988412 43925008206.2266
0.165 0.0911637300776538 45492584921.8718
0.1655 0.0970187108602246 46617135613.4544
0.166 0.105992332161409 48345907548.7187
0.1665 0.0985192563006074 46842705599.7196
0.167 0.107545587589931 48592778826.9735
0.1675 0.101313399681141 47408314642.3321
0.168 0.0943041982702725 46335604772.6884
0.1685 0.0785781205230801 43238662403.4964
0.169 0.0890559622504454 44935714414.5439
0.1695 0.088481143250479 44758080159.9076
0.17 0.0850882419499501 44526900630.027
0.1705 0.0915958407224991 45500680250.7265
0.171 0.0989948228866328 46775687473.3197
0.1715 0.104325239998463 48049714406.6356
0.172 0.113626770499328 49868274497.8823
0.1725 0.126937184838458 52255785312.1423
0.173 0.106636204040467 48472833847.1045
0.1735 0.102904741681347 47745582876.9303
0.174 0.100244710650437 47355470163.4511
0.1745 0.108875099310452 48793636437.4766
0.175 0.118076004320895 50300103427.0316
0.1755 0.124647257220966 51684492211.5502
0.176 0.131362141987687 52746096153.1784
0.1765 0.123691132934248 51656747556.7789
0.177 0.123305029577904 51457801549.3602
0.1775 0.117420720808026 50558721537.1544
0.178 0.116077105102912 50166068863.5848
0.1785 0.11251957626907 49448146706.3935
0.179 0.12196890318844 51195742195.1327
0.1795 0.119447922981384 50734248700.2781
0.18 0.117088880776196 50242953205.4798
0.1805 0.121604157169575 51259495197.455
0.181 0.122461665115227 51614076446.9065
0.1815 0.131879545623915 53097267699.7075
0.182 0.127334748119237 52276756058.6583
0.1825 0.130771885823932 53063543859.6888
0.183 0.136452599048992 54192246987.5946
0.1835 0.147415753319267 56174187048.2634
0.184 0.142487318982114 55108248727.7592
0.1845 0.140105267564538 54923223512.0362
0.185 0.14590928839648 56032041124.3032
0.1855 0.143931694731563 55708001417.5295
0.186 0.129036963742825 52952043928.0025
0.1865 0.128206031847431 52471270054.9939
0.187 0.132207016777274 53351631193.1499
0.1875 0.126914080874001 52345135214.6821
0.188 0.138005229753022 54446608028.0394
0.1885 0.126426300008091 52438411812.961
0.189 0.124280841371547 52091634212.449
0.1895 0.114124032677289 50267522098.0305
0.19 0.116074189271995 50465632793.1151
0.1905 0.113534473425218 49909234127.0687
0.191 0.123544115304307 51713595578.1943
0.1915 0.128816058139219 52907428135.664
0.192 0.120816812809614 51489483704.9722
0.1925 0.121111452871395 51447396128.4422
0.193 0.113401353132439 50231422962.1886
0.1935 0.135899360176629 53983789192.2908
0.194 0.129188938530662 52958316737.0268
0.1945 0.126672758197781 52731827419.6789
0.195 0.1315248468263 53495442443.6942
0.1955 0.125705744958264 52760297974.3577
0.196 0.123962527869577 51939471739.3514
0.1965 0.116692282757871 50784867244.3395
0.197 0.115875850786391 50545479800.7408
0.1975 0.12480291205681 52454077461.9899
0.198 0.149809608841242 56889064590.8169
0.1985 0.148818530323961 56693495166.2861
0.199 0.15730471887679 58286175851.235
0.1995 0.154518150625337 57800914944.0505
0.2 0.153436883125898 57573899137.4067
0.2005 0.144845266859226 56172685777.035
0.201 0.131639454197142 53546308533.4502
0.2015 0.13709640885523 54766884052.5134
0.202 0.135877023129754 54325181378.0946
0.2025 0.138871369229356 54768847089.1347
0.203 0.149458591017742 56839611959.0673
0.2035 0.153967819702881 57756284433.2397
0.204 0.150029787207986 57060963177.271
0.2045 0.151558154020207 57681609153.4286
0.205 0.14878067579488 56933241446.774
0.2055 0.151135202547068 57353744305.8924
0.206 0.150846553885541 57373295091.2462
0.2065 0.146426022957536 56625254630.6554
0.207 0.14833597405794 56931087205.086
0.2075 0.153243241323448 57948635127.4003
0.208 0.144357045002041 56245045039.6885
0.2085 0.155882204034804 58481011164.45
0.209 0.172226055706485 61546856263.5656
0.2095 0.170947271812582 61370817884.1514
0.21 0.17301159154721 61736709493.0004
0.2105 0.173270635791885 61857875703.6899
0.211 0.170132207843198 61273155396.6227
0.2115 0.171850692233728 61591171188.1391
0.212 0.183230847233628 63940203262.5624
0.2125 0.176032815237957 62369340573.2074
0.213 0.16512997274806 60674353960.4395
0.2135 0.150860043050155 57863889000.936
0.214 0.152568300285428 58162310720.4468
0.2145 0.152273052875934 58405843129.1492
0.215 0.154363111869104 58559929074.3844
0.2155 0.150379462130053 57948735394.4605
0.216 0.144966672833377 56608133058.7577
0.2165 0.134780559555088 54858034719.176
0.217 0.151245203702643 58021226284.197
0.2175 0.141834993489835 56039081816.4122
0.218 0.141696960271162 56274887912.0195
0.2185 0.144167294407575 56690011035.1165
0.219 0.147816815883516 57653172585.7562
0.2195 0.157002948140187 59166441497.0601
0.22 0.157096698186983 59220181317.1578
0.2205 0.154343171364373 58487818188.2332
0.221 0.154206801888692 58508393984.0661
0.2215 0.157784489871379 59333461264.7781
0.222 0.170937802822962 61245104561.0608
0.2225 0.160092070420842 59693476331.2332
0.223 0.158978550800067 59339398126.2913
0.2235 0.158929551150552 59516560089.9428
0.224 0.165431959539189 60753415942.0701
0.2245 0.164269775636722 60546973164.4264
0.225 0.162678394951263 60260294461.809
0.2255 0.169201349583095 61523924894.8412
0.226 0.177021497691712 62787799144.5287
0.2265 0.165935925463572 60975933094.858
0.227 0.175908328796573 62749456322.2634
0.2275 0.165731235673661 60857779279.8419
0.228 0.169768032641325 61515931849.8223
0.2285 0.172399039701898 62227700889.2673
0.229 0.170842884458407 61901757021.6741
0.2295 0.156760705039596 59077242738.6153
0.23 0.166163613033293 60642528190.4367
0.2305 0.164868007628767 60462296081.3916
0.231 0.17317538742799 62209858291.2056
0.2315 0.165092473900748 60615717902.3577
0.232 0.15818267716326 59502572188.449
0.2325 0.170614318486715 61792159979.1059
0.233 0.159765741723158 59691289601.0593
0.2335 0.16330434141805 60374857111.226
0.234 0.155882374888905 58928998953.9753
0.2345 0.156664167296166 59148369048.039
0.235 0.153479064224045 58353939676.1443
0.2355 0.164067636581516 60567214375.9021
0.236 0.16160103348986 60309888374.0328
0.2365 0.168215941345561 61374568917.0546
0.237 0.157492189375437 59273810763.0955
0.2375 0.153014061944837 58605978664.4104
0.238 0.162402833782233 60370635451.1002
0.2385 0.161163291774154 59974128655.0036
0.239 0.167311799152632 61227470576.4159
0.2395 0.169757887299901 61760257039.8297
0.24 0.174595917587102 62888227776.0262
0.2405 0.175794160972117 63041368309.7643
0.241 0.179635144725229 63719592799.9782
0.2415 0.175957611045461 63083817961.5565
0.242 0.170889920538791 62076280927.1715
0.2425 0.168291790812807 61447533016.552
0.243 0.154725667175253 58971877270.6102
0.2435 0.163903745350486 61018686488.8423
0.244 0.166701038085759 61593387663.722
0.2445 0.167464729176456 61583291956.8774
0.245 0.174692858307324 63057167435.5136
0.2455 0.175865875538713 63367600829.8289
0.246 0.177095142707757 63373206718.7552
0.2465 0.181492288825042 64187816461.2435
0.247 0.175966534494516 63180340554.8034
0.2475 0.177654763219031 63654643469.0143
0.248 0.178657415939825 63912107223.7936
0.2485 0.172177466172922 62594656407.1995
0.249 0.176037498196741 63430872087.5377
0.2495 0.172074391847006 62492604920.2779
0.25 0.170695822421493 62336456814.1101
