# Fix print output for fix def1
-5.57998700327767e-16 0.0091889631269966 3389578618.69062
4.99944515545666e-12 0.00875222005513897 3329480050.14286
9.99944830961365e-12 0.00924873500384772 3400290412.58712
1.49994514637706e-11 0.00884118934566797 3340624150.88147
1.99994546179276e-11 0.00866556348263976 3318698280.83144
2.49994577720846e-11 0.0089090706013052 3352705084.52375
2.99994609262416e-11 0.00851482772901867 3303169389.86986
3.49994640803986e-11 0.00947008136868309 3439986466.3427
3.99994672345556e-11 0.00865888189191202 3314226215.32521
4.49994703887126e-11 0.00979684706297314 3491533587.99642
4.99994735428696e-11 0.00847185809474179 3290102628.95688
5.49994766970265e-11 0.010116928577197 3540434023.35382
5.99994798511835e-11 0.00764477916000475 3147304110.5492
6.49994830053405e-11 0.00905795330277187 3378472732.94172
6.99994861594975e-11 0.0069439819072075 3048978405.14156
7.49993777139144e-11 0.00984402933055372 3504771835.54961
7.99994924678115e-11 0.00845219095700574 3280096124.62548
8.49993840222284e-11 0.0100012184042371 3527200507.64008
8.99994987761255e-11 0.00793933981880653 3200826394.73877
9.49993903305424e-11 0.0103741601516048 3579581297.9914
9.99995050844394e-11 0.00836417366505796 3271104854.56264
1.04999396638856e-10 0.00940843607594373 3432939524.38819
1.09999511392753e-10 0.00828774382240589 3278326804.61637
1.1499940294717e-10 0.00928564736032527 3418875837.29181
1.19999517701067e-10 0.00843781529173782 3288655131.1888
1.24999409255484e-10 0.00952790011491311 3450377733.71864
1.29999524009381e-10 0.00839016358970068 3270701720.11979
1.34999415563798e-10 0.00948439949339112 3446028787.58396
1.39999530317695e-10 0.00859571595503461 3308478820.53797
1.44999421872112e-10 0.00891239959024596 3348101182.00816
1.49999536626009e-10 0.00804683907627659 3215299386.47051
1.54999428180426e-10 0.00852352459969007 3283998180.46839
1.59999542934323e-10 0.00783868556840504 3165256921.73273
1.6499943448874e-10 0.00802075289858135 3222750202.96129
1.69999549242637e-10 0.0087707552778269 3334451505.69199
1.74999440797054e-10 0.00900723687014915 3369682762.6789
1.79999443951211e-10 0.00894340410252981 3349000577.85885
1.84999447105368e-10 0.00839817755712087 3268985228.83632
1.89999450259525e-10 0.00859303778802552 3303925534.57966
1.94999453413682e-10 0.00780104396253591 3179514588.70576
1.99999456567839e-10 0.00946561492619434 3435399751.234
2.04999459721996e-10 0.00821879906064298 3240558224.23486
2.09999462876153e-10 0.00921197152466873 3398594742.30495
2.1499946603031e-10 0.00791514817363442 3184090942.28298
2.19999469184467e-10 0.00922833255122966 3404003003.10349
2.24999472338624e-10 0.00792400679328209 3193440306.32383
2.29999475492781e-10 0.00956864144815241 3450558865.49535
2.34999478646938e-10 0.00874399226952375 3322653182.57807
2.39999481801095e-10 0.010350186798962 3576910442.54431
2.44999484955252e-10 0.00950368043800774 3442404389.65779
2.49999376509669e-10 0.0105673084350889 3610332802.4441
2.54999491263566e-10 0.00897360616807779 3359668464.83091
2.59999382817983e-10 0.00914486768981322 3375391448.29114
2.6499949757188e-10 0.00815357722294463 3226006347.53807
2.69999389126297e-10 0.00928802355527032 3404885838.93425
2.74999503880194e-10 0.00913693645423288 3392175785.39504
2.79999395434611e-10 0.0096821393977726 3471371499.79333
2.84999510188508e-10 0.00960714069863702 3445580592.01095
2.89999401742925e-10 0.00993517908305788 3507070014.46485
2.94999516496822e-10 0.00904683231979789 3350202932.46261
2.99999408051239e-10 0.00942623187112313 3420374733.24996
3.04999522805136e-10 0.00925701373536255 3407570673.63007
3.09999414359553e-10 0.00888276746062086 3339389373.38683
3.1499952911345e-10 0.00890679974611236 3331509945.28925
3.19999420667867e-10 0.00870354691560767 3315488744.6225
3.24999535421764e-10 0.00958529011780098 3445809464.00958
3.29999426976181e-10 0.00883464334474912 3330301474.3437
3.34999541730078e-10 0.00964256487325941 3463573557.42172
3.39999433284495e-10 0.00796960405132567 3205911834.30912
3.44999548038392e-10 0.00931975585565253 3412890397.17992
3.49999439592809e-10 0.00771634587296284 3147623878.4246
3.54999554346706e-10 0.00898589017999282 3354447856.4716
3.59999445901123e-10 0.00721960193489212 3083597519.7344
3.6499944905528e-10 0.00889093221122017 3347236745.8493
3.69999452209437e-10 0.00699552386952892 3047198341.45358
3.74999455363594e-10 0.00958710489737147 3465329766.70715
3.79999458517751e-10 0.00740219624365676 3112950454.32563
3.84999461671908e-10 0.00951591427397102 3449151786.77873
3.89999464826065e-10 0.00812713960626994 3234590736.66097
3.94999467980222e-10 0.0100926894596507 3539711531.38638
3.99999471134379e-10 0.00882471425096225 3329997467.17902
4.04999474288536e-10 0.00970677075920639 3475417864.83348
4.09999477442693e-10 0.00888450981045947 3349407973.54139
4.1499948059685e-10 0.00939533844074933 3421743029.04671
4.19999483751007e-10 0.00845659787576893 3276866887.44748
4.24999375305424e-10 0.00888993342336629 3341338047.16182
4.29999490059321e-10 0.0085889036893288 3287865917.41197
4.34999381613737e-10 0.00893469641885827 3331429372.14262
4.39999496367635e-10 0.00927573676284998 3418051327.02448
4.44999387922051e-10 0.00923549793181152 3409446839.17394
4.49999502675949e-10 0.0098361890033704 3489796395.98834
4.54999394230365e-10 0.00933923479787649 3402850464.84775
4.59999508984263e-10 0.00972928122784079 3472053820.28903
4.64999400538679e-10 0.00856527699804628 3287503715.47501
4.69999515292577e-10 0.00981786229545792 3490188062.10862
4.74999406846993e-10 0.00913965145348935 3387065735.14687
4.7999952160089e-10 0.0101266890642205 3539490775.82402
4.84999413155307e-10 0.007773783072224 3173455829.18759
4.89999527909204e-10 0.00986520459022817 3501931846.30277
4.94999419463621e-10 0.00722239458869826 3080609713.43841
4.99999534217518e-10 0.00922552687171057 3391986821.42403
5.04999425771935e-10 0.00693755531414243 3035028141.17267
5.09999540525832e-10 0.00897243576111027 3354441986.72325
5.14999432080249e-10 0.00614993931599719 2920216396.49092
5.19999546834146e-10 0.00826211574304578 3245976917.87649
5.24999438388563e-10 0.00599524639803391 2884567024.2877
5.2999955314246e-10 0.00820631258125557 3238061468.96518
5.34999444696877e-10 0.00550377806370633 2812227624.54284
5.39999447851034e-10 0.00764267089696258 3153462332.78324
5.44999451005191e-10 0.00609315472194036 2900492969.70515
5.49999454159348e-10 0.00760505785448328 3141460864.33665
5.54999457313505e-10 0.00647368817050739 2975826942.41422
5.59999460467662e-10 0.00696280005060314 3045853656.92682
5.64999463621819e-10 0.00645434417152345 2967626557.85616
5.69999466775976e-10 0.0066725882872507 2998627789.31187
5.74999469930133e-10 0.00630234742151567 2944534735.28758
5.7999947308429e-10 0.00684901507985153 3024288558.28506
5.84999476238447e-10 0.00670888394318294 3007796815.21565
5.89999479392604e-10 0.00681443479698858 3018490796.4105
5.94999482546761e-10 0.00717903234855625 3076240929.62581
5.99999485700918e-10 0.00647407205980399 2960582361.51713
6.04999488855075e-10 0.00752609558148358 3122303320.17735
6.09999380409492e-10 0.00585021286187313 2878104616.33088
6.14999495163389e-10 0.00752921287151198 3125753899.39925
6.19999386717806e-10 0.00612266548590579 2915688876.24514
6.24999501471703e-10 0.00795394870174506 3197591382.23169
6.2999939302612e-10 0.00650607821108042 2965442084.82142
6.34999507780017e-10 0.00742535772871741 3110017399.63211
6.39999399334434e-10 0.00619079149918971 2913332439.51583
6.44999514088331e-10 0.00784972973651156 3182407672.00848
6.49999405642748e-10 0.0059993173572234 2900114671.41395
6.54999520396645e-10 0.00771170253670343 3155702919.27789
6.59999411951062e-10 0.00677218844827321 3011688191.03042
6.64999526704959e-10 0.00838412151998148 3249364689.76537
6.69999418259376e-10 0.00729030689439626 3090181319.59787
6.74999533013273e-10 0.00801904838593824 3214023474.78333
6.7999942456769e-10 0.00699223739724939 3038660881.18051
6.84999539321587e-10 0.00825040387352491 3240538788.47503
6.89999430876004e-10 0.00760991069884453 3140761645.23986
6.94999545629901e-10 0.00862427574813358 3310861356.83394
6.99999437184318e-10 0.00854034370654412 3283387133.37562
7.04999551938215e-10 0.00899966878099663 3355031137.69932
7.09999443492632e-10 0.00893538961402495 3357737041.56369
7.14999446646789e-10 0.00870455032653976 3311054902.19626
7.19999449800946e-10 0.00901164722146493 3362612424.61755
7.24999452955103e-10 0.00805848797716424 3214138316.40972
7.2999945610926e-10 0.00860083700061827 3304376461.49848
7.34999459263417e-10 0.00793106362903265 3203328632.07105
7.39999462417574e-10 0.00937054684592426 3420471714.48338
7.44999465571731e-10 0.00786879158030038 3183166537.70376
7.49999468725888e-10 0.00929556213406871 3403461659.81822
7.54999471880045e-10 0.00699313351215357 3035294935.27826
7.59999475034202e-10 0.00936057311852126 3416255166.06959
7.64999478188359e-10 0.00766954308675412 3148197555.30083
7.69999481342516e-10 0.00963001320123497 3457828449.91589
7.74999484496673e-10 0.00771731344421834 3165891821.44037
7.7999948765083e-10 0.00940815913975751 3414578544.67781
7.84999379205247e-10 0.00734627647282254 3099380299.94813
7.89999493959144e-10 0.00933459843992117 3414177509.0508
7.94999385513561e-10 0.00769368062178599 3162765379.26329
7.99999500267458e-10 0.00914146079295643 3380257832.03204
8.04999391821875e-10 0.00715604149012231 3084285843.14573
8.09999506575772e-10 0.00900988795351566 3367882623.11763
8.14999398130189e-10 0.00773256423329115 3170085755.68666
8.19999512884086e-10 0.0083554423258971 3253332551.94412
8.24999404438503e-10 0.00835981178686934 3266809802.89849
8.299995191924e-10 0.00847452484612218 3272303287.34322
8.34999410746816e-10 0.00793653150358012 3195514061.72676
8.39999525500714e-10 0.00811404606950827 3229512351.26596
8.4499941705513e-10 0.00801007111125347 3208875292.60305
8.49999531809027e-10 0.00745068125866919 3127946165.26511
8.54999423363444e-10 0.00802891604626083 3218493945.55866
8.59999538117342e-10 0.00731700312533166 3101250414.2166
8.64999429671758e-10 0.00843690902253301 3261053652.58993
8.69999544425655e-10 0.00773913992484232 3151545405.53371
8.74999435980072e-10 0.00897531550960003 3350330622.18604
8.79999550733969e-10 0.007237152875166 3086993498.75705
8.84999442288386e-10 0.00886392292408183 3330615154.79447
8.89999557042283e-10 0.00794536816364029 3180667630.38061
8.949994485967e-10 0.00974865909218252 3473952384.84143
8.99999451750857e-10 0.00826435455193276 3237969332.3133
9.04999454905014e-10 0.010295146930009 3556821518.7065
9.09999458059171e-10 0.00848856663961969 3282255154.02155
9.14999461213328e-10 0.0101301624915804 3520328134.14927
9.19999464367485e-10 0.00861393175715245 3286967615.56871
9.24999467521642e-10 0.0100356424522373 3502849522.99984
9.29999470675799e-10 0.00921094798191884 3391441093.52674
9.34999473829956e-10 0.0104118606119345 3577980812.24177
9.39999476984113e-10 0.00904555132131891 3371960208.29551
9.4499948013827e-10 0.00950955104878756 3442400096.03339
9.49999483292427e-10 0.00860213432452732 3302061644.46363
9.54999486446584e-10 0.00868056828051952 3316992887.52287
9.59999378001001e-10 0.00930698443448667 3411356707.81673
9.64999492754898e-10 0.00907662852103145 3367530765.67531
9.69999384309315e-10 0.0097516785214136 3477224415.2789
9.74999499063212e-10 0.00905895784449745 3363031068.37295
9.79999390617629e-10 0.00984596409503506 3492815628.32445
9.84999505371526e-10 0.00861645275112895 3301248725.44599
9.89999396925943e-10 0.00974212186719769 3481649604.71963
9.9499951167984e-10 0.00824721514515165 3237649324.01618
9.99999403234257e-10 0.0095938182875847 3441351179.05371
1.00499951798815e-09 0.00897678907526898 3360671742.85818
1.00999940954257e-09 0.0103757584604443 3577285329.80098
1.01499952429647e-09 0.00878905805199106 3324152947.70342
1.01999941585089e-09 0.00995231579570065 3502326011.52672
1.02499953060478e-09 0.00864935034656521 3314445329.1581
1.0299994221592e-09 0.0100717712701343 3516313025.12206
1.0349995369131e-09 0.00806211575094787 3215039452.45186
1.03999942846751e-09 0.00915323558259275 3387243672.19901
1.04499954322141e-09 0.00779994170201252 3164705727.50447
1.04999943477583e-09 0.00887327174183396 3330130794.25422
1.05499954952972e-09 0.00765574488528237 3150103451.69815
1.05999944108414e-09 0.00838973608493807 3261167914.61796
1.06499955583804e-09 0.00833997267867449 3256152216.16707
1.06999944739245e-09 0.00791973324719075 3185999368.73856
1.07499945054661e-09 0.00822465437305594 3244141553.30601
1.07999945370077e-09 0.00754385294501232 3137194516.42838
1.08499945685493e-09 0.00791750389848734 3179189915.88986
1.08999946000908e-09 0.00741465613354673 3107629010.1233
1.09499946316324e-09 0.00931570049687416 3404364637.40308
1.0999994663174e-09 0.0080684557675134 3213380818.32416
1.10499946947155e-09 0.009309838934679 3395826295.73637
1.10999947262571e-09 0.00767525876044553 3134798687.43175
1.11499947577987e-09 0.00937259930516432 3414092402.11847
1.11999947893402e-09 0.00857181211770798 3283939121.48546
1.12499948208818e-09 0.00973951360987801 3483401270.19085
1.12999948524234e-09 0.00806109683217618 3208343822.25809
1.13499937679676e-09 0.0100184726365746 3518169135.59701
1.13999949155065e-09 0.00780654734523951 3163135489.0725
1.14499938310507e-09 0.0106574638570054 3611300055.7722
1.14999949785897e-09 0.00835048689619073 3257858723.83781
1.15499938941338e-09 0.00994530728643604 3494393428.41202
1.15999950416728e-09 0.00891988951401081 3350267282.97572
1.1649993957217e-09 0.00980386887015134 3482402369.17931
1.16999951047559e-09 0.0088888702917977 3346952982.94598
1.17499940203001e-09 0.0092975815664019 3418463269.40334
1.17999951678391e-09 0.00910896883489232 3374171599.55879
1.18499940833833e-09 0.00891185225338345 3341028958.17601
1.18999952309222e-09 0.00892623446077833 3347140305.00968
1.19499941464664e-09 0.00848876080592132 3268479664.0834
1.19999952940054e-09 0.00932081055298555 3407351152.81714
1.20499942095495e-09 0.00817796947467253 3228025450.51561
1.20999953570885e-09 0.00944347706572886 3423466933.51379
1.21499942726327e-09 0.00815631814753067 3221991251.49372
1.21999954201716e-09 0.0100762447786968 3534320333.71283
1.22499943357158e-09 0.00861699062944633 3292266774.42017
1.22999954832548e-09 0.0103981182790009 3577248818.2011
1.2349994398799e-09 0.00862073707756096 3286607928.93055
1.23999955463379e-09 0.0117554511109701 3779593806.36179
1.24499944618821e-09 0.00901556329942797 3350462025.99992
1.24999956094211e-09 0.0120982964229622 3828333131.54409
1.25499945249652e-09 0.0102092971936985 3535731567.10346
1.25999945565068e-09 0.0118667413206992 3792986124.45887
1.26499945880484e-09 0.00916297166735922 3385278936.68796
1.26999946195899e-09 0.0112580797073172 3693671199.12626
1.27499946511315e-09 0.00929119778675245 3395810776.15644
1.27999946826731e-09 0.011330236166654 3708471639.72485
1.28499947142147e-09 0.00986439432038267 3491321216.37242
1.28999947457562e-09 0.0114181295397419 3724155071.90012
1.29499947772978e-09 0.00989536372226824 3495073798.38896
1.29999948088394e-09 0.0106274863543286 3615469346.98367
1.30499948403809e-09 0.010979765865739 3657160035.30417
1.30999937559251e-09 0.0108907228600023 3654506056.9956
1.31499949034641e-09 0.011461318976652 3726139512.90727
1.31999938190082e-09 0.0106557680339756 3612209847.88337
1.32499949665472e-09 0.0124137970429345 3886215074.99871
1.32999938820914e-09 0.0107077544009627 3630917489.20727
1.33499950296304e-09 0.0122765627627773 3851087639.42077
1.33999939451745e-09 0.00966565608640029 3450528065.41017
1.34499950927135e-09 0.0129409480826753 3954173668.34682
1.34999940082577e-09 0.00969554871474876 3463441080.09781
1.35499951557966e-09 0.0125270872665285 3904732771.44216
1.35999940713408e-09 0.00964250189620468 3444080947.89504
1.36499952188798e-09 0.0123459275614665 3873923665.25867
1.36999941344239e-09 0.00843767507413785 3269806469.68507
1.37499952819629e-09 0.011374024950853 3710221121.85367
1.37999941975071e-09 0.00826156144942702 3239123528.04973
1.38499953450461e-09 0.0105207155745763 3579487678.47314
1.38999942605902e-09 0.00882176207722752 3328140121.93328
1.39499954081292e-09 0.0105101734872358 3588115988.19768
1.39999943236734e-09 0.00951217389045256 3439687186.78965
1.40499954712123e-09 0.0102306335461089 3549099070.12205
1.40999943867565e-09 0.00961064585739431 3439657692.95113
1.41499955342955e-09 0.010359357298388 3558719336.52556
1.41999944498396e-09 0.00969148534981425 3447401422.2896
1.42499955973786e-09 0.00898127248032596 3337995331.46345
1.42999945129228e-09 0.00965035393685355 3451798768.00481
1.43499945444643e-09 0.0076693910425063 3140279571.07213
1.43999945760059e-09 0.00873166472592646 3310582099.30868
1.44499946075475e-09 0.00691045709577809 3025494161.61818
1.44999946390891e-09 0.00921875778295837 3380717241.05564
1.45499946706306e-09 0.00664875855545675 2980720863.65708
1.45999947021722e-09 0.00959099130757792 3439533913.01689
1.46499947337138e-09 0.0064187418978326 2942858520.88059
1.46999947652553e-09 0.00859207226421347 3287656977.56058
1.47499947967969e-09 0.00594726897465347 2864073547.42603
1.47999948283385e-09 0.00921727296149845 3373311722.35291
1.484999485988e-09 0.00683181312912364 3017530154.58786
1.48999948914216e-09 0.00989339257002442 3487343686.31668
1.49499938069658e-09 0.00684131608661445 3013967248.03773
1.49999949545048e-09 0.00966403650708197 3455099343.1867
1.50499938700489e-09 0.00747549233525576 3122788190.36862
1.50999950175879e-09 0.0101357128167332 3517469640.27285
1.51499939331321e-09 0.00829874014921028 3236304458.69977
1.5199995080671e-09 0.00968387120144153 3447099430.54325
1.52499939962152e-09 0.00859812140833523 3292124064.23642
1.52999951437542e-09 0.00926113681068143 3384599443.77835
1.53499940592983e-09 0.00884975956114974 3326607434.52249
1.53999952068373e-09 0.00863395072639336 3296020726.0979
1.54499941223815e-09 0.00932973746810377 3394578922.19831
1.54999952699205e-09 0.00899362914113489 3338865757.98555
1.55499941854646e-09 0.0103668730069129 3547309712.31203
1.55999953330036e-09 0.00907419733862633 3351332071.98314
1.56499942485478e-09 0.0102800173456013 3555231988.37638
1.56999953960867e-09 0.00910087947096787 3367619412.40757
1.57499943116309e-09 0.0106950280376114 3604837899.15363
1.57999954591699e-09 0.00839829410326313 3255870528.0893
1.5849994374714e-09 0.0103756042744915 3547592892.08191
1.5899995522253e-09 0.00853116736594749 3277953943.80566
1.59499944377972e-09 0.0104219944217277 3562219432.01611
1.59999955853362e-09 0.00906415188059002 3362703379.98693
1.60499945008803e-09 0.0118128084309602 3766482558.61285
1.60999945324219e-09 0.00971831732084357 3461920469.62868
1.61499945639635e-09 0.0110980379723789 3673989789.54325
1.6199994595505e-09 0.00970224072061941 3446165387.91974
1.62499946270466e-09 0.0111726404363545 3689996280.09898
1.62999946585882e-09 0.0106752896969338 3605862380.90188
1.63499946901297e-09 0.0104954588518169 3591480164.81903
1.63999947216713e-09 0.0104189762805114 3567575418.30664
1.64499947532129e-09 0.0101306267935606 3527520202.08144
1.64999947847545e-09 0.0110248260806247 3674580741.79262
1.6549994816296e-09 0.0096508198831425 3457808346.78594
1.65999948478376e-09 0.0108524686539461 3630718469.70862
1.66499948793792e-09 0.00953394759981678 3445697741.10332
1.66999937949233e-09 0.0115937251589624 3760544345.23407
1.67499949424623e-09 0.00875119114632237 3310640718.32569
1.67999938580065e-09 0.011221286050474 3709010042.36665
1.68499950055454e-09 0.00923761421533519 3406070898.38319
1.68999939210896e-09 0.010346821615208 3552352473.70072
1.69499950686286e-09 0.00842369979578278 3262435737.27894
1.69999939841728e-09 0.0107469907563038 3625513340.63957
1.70499951317117e-09 0.00880910471766099 3322926684.78952
1.70999940472559e-09 0.0104222366944595 3570243421.87343
1.71499951947949e-09 0.00832217467183406 3252090543.91397
1.7199994110339e-09 0.0096233399365593 3453547368.25647
1.7249995257878e-09 0.00831975157371779 3245685169.58244
1.72999941734222e-09 0.00961501077525684 3450321291.64187
1.73499953209611e-09 0.00850491444263736 3262147284.05712
1.73999942365053e-09 0.00840386876988703 3259867693.78843
1.74499953840443e-09 0.00824240740593056 3243669584.5099
1.74999942995885e-09 0.00733799077296359 3091030744.21515
1.75499954471274e-09 0.00758589054429099 3133337530.91564
1.75999943626716e-09 0.00721187388412417 3071798676.75761
1.76499955102106e-09 0.00735389597048228 3101451587.58652
1.76999944257547e-09 0.00705376289607696 3045765278.97801
1.77499955732937e-09 0.00803359873956218 3207569520.1719
1.77999944888379e-09 0.00709102669659709 3049331266.10923
1.78499956363768e-09 0.00781696534845568 3164066980.36376
1.7899994551921e-09 0.00675940123785185 2995994639.18846
1.79499945834626e-09 0.00729569379762836 3077090788.16799
1.79999946150041e-09 0.00596066533100898 2876771225.10981
1.80499946465457e-09 0.00748604080943533 3111628636.61601
1.80999946780873e-09 0.0065811151320854 2967665457.2352
1.81499947096289e-09 0.00796170865072315 3203173614.94259
1.81999947411704e-09 0.00675144991398294 2990420007.59016
1.8249994772712e-09 0.00759504559877336 3141618853.89779
1.82999948042536e-09 0.00679957787053193 3008660332.36531
1.83499948357951e-09 0.0073112435513246 3101167914.19856
1.83999948673367e-09 0.00656572055784624 2974925860.66685
1.84499937828809e-09 0.00692906749197124 3040365222.797
1.84999949304198e-09 0.00689810141014647 3042357727.37678
1.8549993845964e-09 0.0074123979768907 3107647388.61369
1.8599994993503e-09 0.00711155073774368 3054990104.65037
1.86499939090472e-09 0.00732107415452173 3082288729.64459
1.86999950565861e-09 0.00702730297789651 3046066469.89698
1.87499939721303e-09 0.0069748262359163 3031750835.17411
1.87999951196693e-09 0.00694931050212631 3024944139.14333
1.88499940352134e-09 0.00695957379544886 3038001995.50293
1.88999951827524e-09 0.0074493497200524 3100143986.37729
1.89499940982966e-09 0.00711989500884269 3047795178.3758
1.89999952458355e-09 0.00717063109342237 3072566825.26975
1.90499941613797e-09 0.00769308574260326 3151330292.29228
1.90999953089187e-09 0.0074977045462035 3126951851.10416
1.91499942244629e-09 0.00785476304035319 3176451010.873
1.91999953720018e-09 0.00830943726656644 3249121214.43668
1.9249994287546e-09 0.00872278570877956 3304003866.96769
1.9299995435085e-09 0.00855056165812529 3276810077.78668
1.93499943506291e-09 0.00891133601714126 3337618140.71758
1.93999954981681e-09 0.00914321100597478 3378040858.86121
1.94499944137123e-09 0.00889364187794212 3340606876.01477
1.94999955612512e-09 0.00902511375928687 3353984225.64373
1.95499944767954e-09 0.0081679565046372 3217976613.00751
1.95999956243344e-09 0.00841148107873759 3260190975.65515
1.96499945398786e-09 0.00824843190870854 3221734894.48839
1.96999945714201e-09 0.00874060848859823 3294241605.87639
1.97499946029617e-09 0.00811286309437491 3224995687.00644
1.97999946345033e-09 0.00864127687079159 3297681497.59786
1.98499946660448e-09 0.00802284659129845 3208722028.94271
1.98999946975864e-09 0.00842676416945881 3252292770.19892
1.9949994729128e-09 0.00727492490204099 3085305747.2849
1.99999947606695e-09 0.00729590571620897 3089305527.28625
2.00499947922111e-09 0.00742189963214605 3110050257.00329
2.00999948237527e-09 0.00765877484101047 3138581840.53071
2.01499948552943e-09 0.0073994639333804 3089624582.39265
2.01999937708384e-09 0.00802404841747627 3207696658.36416
2.02499949183774e-09 0.00715064234177922 3075133364.82966
2.02999938339216e-09 0.00725710887035178 3077099900.24415
2.03499949814605e-09 0.00691367693950924 3043172466.48896
2.03999938970047e-09 0.00763549001300345 3131527782.84944
2.04499950445437e-09 0.0075819990061441 3125314798.38574
2.04999939600878e-09 0.00845269639332982 3270119188.53702
2.05499951076268e-09 0.00805942532693602 3215404942.01658
2.0599994023171e-09 0.0088853612992496 3339939476.81657
2.064999517071e-09 0.0079682964300861 3196553555.40618
2.06999940862541e-09 0.00843890176686015 3268244666.53749
2.07499952337931e-09 0.00734238875952364 3091885433.89382
2.07999941493373e-09 0.00847247773224204 3265792775.91038
2.08499952968762e-09 0.0083247718976369 3247199123.7841
2.08999942124204e-09 0.0079805314061893 3192227617.3541
2.09499953599594e-09 0.00854606117527825 3276192817.36603
2.09999942755035e-09 0.00790353273683515 3180734686.14807
2.10499954230425e-09 0.00793432835219415 3187670430.74859
2.10999943385867e-09 0.00775048131406913 3158512318.30905
2.11499954861257e-09 0.00842789285307081 3257402442.3689
2.11999944016698e-09 0.00804834322026229 3211093357.48733
2.12499955492088e-09 0.00899079983617194 3357448526.23401
2.1299994464753e-09 0.00855042907059561 3282635336.63158
2.13499956122919e-09 0.0096150987347752 3448096597.60937
2.13999945278361e-09 0.0098313757650503 3477797188.64792
2.14499945593777e-09 0.00964189084267736 3454790298.35696
2.14999945909192e-09 0.00953615450855452 3430539635.12328
2.15499946224608e-09 0.0100938103826081 3523039887.53355
2.15999946540024e-09 0.00991173124675677 3495906379.68804
2.16499946855439e-09 0.0103298469892228 3550174878.01063
2.16999947170855e-09 0.0100624718985941 3502594396.90298
2.17499947486271e-09 0.0105005334929339 3585924070.74706
2.17999947801687e-09 0.010103602712524 3540297701.58826
2.18499948117102e-09 0.00991483202489126 3494451217.80347
2.18999948432518e-09 0.00997862032309996 3502391620.35469
2.1949993758796e-09 0.00944957820542838 3415542751.97798
2.19999949063349e-09 0.01033920799664 3560195302.51155
2.20499938218791e-09 0.0100320622620182 3498830620.29513
2.20999949694181e-09 0.0102048844043596 3546756064.28992
2.21499938849622e-09 0.00914299836957706 3384649989.21451
2.21999950325012e-09 0.0100678921743536 3521286924.33702
2.22499939480454e-09 0.0100176942678925 3516945444.87895
2.22999950955844e-09 0.0105564735827439 3604809390.67129
2.23499940111285e-09 0.0101975472492842 3551183413.50168
2.23999951586675e-09 0.0104343895413769 3575991645.44518
2.24499940742117e-09 0.0107807272405605 3631847460.08812
2.24999952217506e-09 0.0107773457174627 3634978910.58205
2.25499941372948e-09 0.0115776112006671 3756957060.71637
2.25999952848338e-09 0.0105824930490482 3601682025.24155
2.26499942003779e-09 0.0115231286776793 3748145008.82622
2.26999953479169e-09 0.0103879230922172 3567894624.93642
2.27499942634611e-09 0.0112101772534943 3699101167.30617
2.27999954110001e-09 0.00992749971903041 3492287903.8286
2.28499943265442e-09 0.0109174914906118 3644755441.97175
2.28999954740832e-09 0.00921450210236521 3379877375.2429
2.29499943896274e-09 0.0107436147819339 3645074145.45154
2.29999955371663e-09 0.00984560246420962 3482210368.3238
2.30499944527105e-09 0.0110156100918109 3668365446.69554
2.30999956002495e-09 0.0099051226361871 3497777862.54621
2.31499945157936e-09 0.0110281089602769 3670830622.1737
2.31999956633326e-09 0.0109961872466772 3678640709.71397
2.32499945788768e-09 0.0116277431993769 3767177918.25079
2.32999946104184e-09 0.0113164361647837 3715123850.61735
2.33499946419599e-09 0.0111194448471236 3678883532.34698
2.33999946735015e-09 0.011532207254876 3749064766.21453
2.34499947050431e-09 0.0108061866223082 3630143738.57854
2.34999947365846e-09 0.0111475578446193 3695758000.84886
2.35499947681262e-09 0.0104993988038671 3587153539.69948
2.35999947996678e-09 0.0106788757962322 3604313625.4353
2.36499948312093e-09 0.0101230487139728 3531103967.14448
2.36999948627509e-09 0.0112767433649146 3706551780.74573
2.37499948942925e-09 0.0104005591580935 3570410346.53967
2.37999938098367e-09 0.01105883315707 3668018787.50226
2.38499949573756e-09 0.0101641186474597 3534254027.42899
2.38999938729198e-09 0.0108182529508172 3651599829.43975
2.39499950204588e-09 0.00987451121694492 3486899436.10291
2.39999939360029e-09 0.010550107390689 3594803288.98652
2.40499950835419e-09 0.0090212077963784 3364614086.52613
2.40999939990861e-09 0.0101151827801645 3532730042.74676
2.4149995146625e-09 0.00890641148742312 3343850578.01325
2.41999940621692e-09 0.00938613347332866 3427181236.28764
2.42499952097082e-09 0.00878035851441258 3321929037.30927
2.42999941252524e-09 0.00906824246043684 3359142988.68437
2.43499952727913e-09 0.0087271466953275 3310388282.10045
2.43999941883355e-09 0.00923658521658053 3391525222.6159
2.44499953358745e-09 0.00918770890302227 3377779898.72606
2.44999942514186e-09 0.00900960006476636 3356886374.79878
2.45499953989576e-09 0.0106395176768892 3608415650.62046
2.45999943145018e-09 0.0101242752353094 3539640915.77156
2.46499954620407e-09 0.0108550900363211 3634768724.32019
2.46999943775849e-09 0.00964376617898089 3457656486.00343
2.47499955251239e-09 0.0113208460397619 3735517277.07037
2.47999944406681e-09 0.0097193711973724 3481138963.5092
2.4849995588207e-09 0.0106704891312015 3615852351.01195
2.48999945037512e-09 0.00945760157783087 3418406460.24063
2.49499956512902e-09 0.0105469088636351 3597122577.32435
2.49999945668343e-09 0.00903374558352495 3360979700.01982
