# Fix print output for fix def1
-5.57998700327767e-16 0.00941616426875761 3430434201.2874
0.000499999999999456 0.0378191952578445 7848106132.98664
0.000999999999999471 0.0674499758430335 12458203321.6034
0.00149999999999949 0.0955538228994756 16833826554.2696
0.0019999999999995 0.123912625834708 21260371481.7698
0.00249999999999951 0.151987737415456 25648414896.0709
0.00299999999999953 0.180232701917822 30059940640.1552
0.00349999999999954 0.208306397740385 34447541738.6032
0.00399999999999944 0.236463116957958 38850962208.0027
0.00449999999999946 0.26367278589396 43111923285.8256
0.00499999999999947 0.291966543354709 47552346818.0851
0.00549999999999938 0.318995929475954 51789451713.5391
0.00599999999999939 0.3464877218835 56122185644.4487
0.00649999999999941 0.373462883302633 60363236826.0795
0.00699999999999942 0.402016198943631 64857607152.1096
0.00749999999999943 0.42890873109542 69095534464.9808
0.00799999999999945 0.457685930212087 73640366627.4987
0.00849999999999946 0.483580384857866 77738376457.8622
0.00899999999999948 0.512287388981886 82262091189.6681
0.00949999999999949 0.538346501274685 86397212662.3891
0.00999999999999951 0.566493256139387 90850437170.6216
0.0104999999999995 0.593625840996597 95144224615.7247
0.0109999999999995 0.619901544582423 99321779558.142
0.0114999999999995 0.64770983148158 103733354734.023
0.0119999999999993 0.67362521358595 107866768310.219
0.0124999999999994 0.70122235649725 112259813680.638
0.0129999999999994 0.727260761762525 116420499233.762
0.0134999999999994 0.755163814032131 120856814016.819
0.0139999999999994 0.781024518213214 124984782017.851
0.0144999999999994 0.807724170693362 129271586377.186
0.0149999999999994 0.835127459726709 133637960518.416
0.0154999999999994 0.860805061232934 137753906173.635
0.0159999999999995 0.888058587185471 142127599993.605
0.0164999999999995 0.915026495887094 146454363696.439
0.0169999999999995 0.940788695949489 150584553744.385
0.0174999999999995 0.967907710438806 154960144676.462
0.0179999999999995 0.993962745253607 159140902713.929
0.0184999999999995 1.01957527720247 163289397359.808
0.0189999999999995 1.04641122821436 167599656830.801
0.0194999999999996 1.07215776316159 171770945876.923
0.0199999999999993 1.09837917579261 175994007079.698
0.0204999999999994 1.12446483961558 180211870366.128
0.0209999999999994 1.1505064080259 184435207287.924
0.0214999999999994 1.17632988008881 188620604669.959
0.0219999999999994 1.20189256464938 192782059653.509
0.0224999999999994 1.22756245993474 196935839310.404
0.0229999999999994 1.25351416807561 201155817133.338
0.0234999999999994 1.27861914584146 205252600067.042
0.0239999999999995 1.3043716282348 209430355348.335
0.0244999999999995 1.3301984555767 213664301376.283
0.0249999999999995 1.35506625763501 217722080298.643
0.0254999999999995 1.38084932004855 221930709710.044
0.0259999999999995 1.40669414815042 226159961769.201
0.0264999999999995 1.43125458890214 230190238783.313
0.0269999999999995 1.45603140521156 234239441714.762
0.0274999999999993 1.48244831091559 238580488339.712
0.0279999999999994 1.50754828905859 242712555795.52
0.0284999999999994 1.53105471740308 246589600213.746
0.0289999999999994 1.55684445617752 250815183525.948
0.0294999999999994 1.58214805479314 254994669232.579
0.0299999999999994 1.60620797150786 258953224952.48
0.0304999999999994 1.63073876127749 263015263293.829
0.0309999999999994 1.65555286744124 267107343559.804
0.0314999999999995 1.67973266864121 271113442435.339
0.0319999999999995 1.70328118050408 274995118268.705
0.0324999999999995 1.72814418101366 279133786180.02
0.0329999999999995 1.75306951933876 283276661185.293
0.0334999999999995 1.77786565987203 287389980735.644
0.0339999999999995 1.80103332773883 291241244095.535
0.0344999999999995 1.82443301607387 295134695450.161
0.0349999999999996 1.84915215689083 299257972780.389
0.0354999999999996 1.8738547989133 303381942661.96
0.0359999999999996 1.89672958879194 307206965265.759
0.0364999999999996 1.91961095554 311020170054.25
0.0369999999999996 1.94343003118867 315015713325.447
0.0374999999999996 1.96796910246097 319111173978.111
0.0379999999999996 1.99129048340706 323039729054.772
0.0384999999999997 2.01413102188985 326876308061.879
0.0389999999999997 2.03694656059539 330717734133.822
0.0394999999999995 2.06092482242527 334744567067.616
0.0399999999999993 2.08448908507832 338708973257.083
0.0404999999999993 2.1082640642051 342713128677.444
0.0409999999999993 2.13111329628551 346568748301.934
0.0414999999999993 2.15346750963149 350346460063.948
0.0419999999999993 2.17621364181579 354205832547.367
0.0424999999999993 2.19863021204676 357997682407.143
0.0429999999999993 2.22217140295506 361991462499.963
0.0434999999999994 2.24515898741169 365881130386.597
0.0439999999999994 2.26780759244272 369731031242.13
0.0444999999999994 2.28984086425741 373482904206.928
0.0449999999999994 2.31175569850954 377217382563.646
0.0454999999999994 2.33468969591685 381123884149.777
0.0459999999999994 2.35763290054982 385034205511.623
0.0464999999999994 2.38081954548721 388988781787.802
0.0469999999999995 2.40278355075932 392741061786.094
0.0474999999999995 2.42483876569081 396526694917.155
0.0479999999999995 2.44612093747629 400165446792.405
0.0484999999999995 2.46772019104707 403868364130.943
0.0489999999999995 2.48953619145497 407618731986.771
0.0494999999999995 2.51152305900215 411386520319.48
0.0499999999999995 2.53396177290627 415247184192.895
0.0504999999999996 2.55632333322245 419086986717.352
0.0509999999999996 2.57830722165746 422883203333.574
0.0514999999999996 2.6001488035951 426648098552.284
0.0519999999999996 2.62138343888482 430314661763.154
0.0524999999999996 2.64246785599576 433970522293.991
0.0529999999999996 2.66343685065771 437610418766.427
0.0534999999999996 2.68466064856533 441292204576.72
0.0539999999999997 2.7059502079086 444971941147.997
0.0544999999999997 2.72708283554534 448660506183.707
0.0549999999999995 2.74813735778717 452306547297.088
0.0554999999999993 2.76977919578065 456072365158.24
0.0559999999999993 2.79107401632797 459790335293.736
0.0564999999999993 2.81319942065036 463632766351.522
0.0569999999999993 2.8335614999418 467202418027.24
0.0574999999999993 2.85452984923375 470859450882.444
0.0579999999999993 2.87548764805268 474531926207.629
0.0584999999999993 2.89624587840865 478163821410.991
0.0589999999999994 2.91698719569149 481807831580.801
0.0594999999999994 2.93758407932548 485431858227.639
0.0599999999999994 2.95794570824625 489002177342.737
0.0604999999999994 2.97865012401832 492633582994.713
0.0609999999999994 2.99806636751455 496060239675.216
0.0614999999999994 3.01853267407078 499681306745.69
0.0619999999999994 3.03885788767541 503271169934.554
0.0624999999999995 3.05930114233517 506880438165.849
0.0629999999999995 3.07886137431586 510331518439.748
0.0634999999999995 3.09933088975828 513972002573.772
0.0639999999999995 3.11850155497424 517374645574.327
0.0644999999999995 3.13805940721406 520851693624.693
0.0649999999999995 3.15778186447716 524351135363.9
0.0654999999999995 3.1773219362888 527834030789.057
0.0659999999999995 3.19638345646751 531239828313.68
0.0664999999999996 3.21590062604102 534711841132.695
0.0669999999999996 3.23560016010668 538230824874.419
0.0674999999999996 3.25518396994664 541721203592.618
0.0679999999999996 3.27529139218582 545321968200.353
0.0684999999999996 3.2951949211586 548865103674.655
0.0689999999999996 3.31519542871419 552460068475.108
0.0694999999999996 3.33503355249805 556008831506.652
0.0699999999999997 3.35486995596571 559544825353.141
0.0704999999999992 3.37418462926214 563041916966.083
0.0709999999999992 3.39319947755529 566469348661.644
0.0714999999999993 3.41192976837787 569846420456.181
0.0719999999999993 3.4306194133543 573220844566.28
0.0724999999999993 3.44864848885716 576485131886.555
0.0729999999999993 3.4665438859929 579725220254.597
0.0734999999999993 3.48529737633264 583120512064.684
0.0739999999999993 3.50386625655485 586494168957.328
0.0744999999999993 3.52256651742765 589900125888.135
0.0749999999999994 3.54140026174354 593300816418.937
0.0754999999999994 3.56018455730307 596721490918.298
0.0759999999999994 3.57863608391138 600086878502.463
0.0764999999999994 3.5969434629815 603428993824.055
0.0769999999999994 3.61443851866914 606627196806.233
0.0774999999999994 3.63243124803097 609928943429.941
0.0779999999999994 3.65053195463355 613227944640.342
0.0784999999999995 3.66950248273253 616702683232.019
0.0789999999999995 3.68791463102188 620062546525.524
0.0794999999999995 3.70535341371371 623267607308.321
0.0799999999999995 3.72285170346283 626502177376.891
0.0804999999999995 3.74063738816168 629756927338.536
0.0809999999999995 3.75843049579427 633037220830.76
0.0814999999999995 3.7765327059428 636383827299.002
0.0819999999999996 3.79439738541493 639670412903.513
0.0824999999999996 3.8119750028748 642930716169.663
0.0829999999999996 3.82935940612585 646152303959.805
0.0834999999999996 3.84719094185633 649451730722.715
0.0839999999999996 3.86429786478614 652617369907.647
0.0844999999999996 3.88211373347039 655924459425.82
0.0849999999999996 3.89912920609299 659090364620.716
0.0854999999999994 3.91658759006866 662345568709.166
0.0859999999999992 3.93369979988721 665528692929.307
0.0864999999999992 3.95087102015002 668736600655.384
0.0869999999999993 3.9680734960932 671949392306.275
0.0874999999999993 3.98474761776187 675069966391.881
0.0879999999999993 4.00136234796289 678184766116.752
0.0884999999999993 4.01845337006371 681389947712.005
0.0889999999999993 4.03512251083355 684529643460.642
0.0894999999999993 4.05174260414217 687647276867.571
0.0899999999999993 4.06821953132827 690741791053.571
0.0904999999999994 4.0857008030069 694040985682.949
0.0909999999999994 4.10220415902916 697135337399.104
0.0914999999999994 4.11801435360839 700133439168.716
0.0919999999999994 4.13474564614482 703305117827.202
0.0924999999999994 4.15151302557875 706461729375.358
0.0929999999999994 4.16794943656184 709584917854.061
0.0934999999999994 4.18364100581 712568015373.373
0.0939999999999995 4.20011263865687 715683738947.221
0.0944999999999995 4.21627005680862 718758504318.284
0.0949999999999995 4.23223870558737 721805351619.549
0.0954999999999995 4.24835977792744 724875627529.4
0.0959999999999995 4.26445842580982 727944457684.217
0.0964999999999995 4.28082427660253 731074014332.81
0.0969999999999995 4.2960403939262 733984757556.974
0.0974999999999996 4.31187938156934 737014548157.15
0.0979999999999996 4.32748720787482 740024961252.655
0.0984999999999996 4.34317350046398 743033393996.009
0.0989999999999996 4.35928969945382 746111900976.619
0.0994999999999996 4.37462242559007 749070742470.873
0.0999999999999996 4.38986204942629 752023654625.577
0.1005 4.40599519419401 755114844582.326
0.100999999999999 4.42077573047602 757983287764.4
0.101499999999999 4.43580242970663 760907689956.319
0.101999999999999 4.45114878023348 763865021871.156
0.102499999999999 4.46606105502838 766767878778.338
0.102999999999999 4.48123236422341 769717927354.03
0.103499999999999 4.4961480356775 772625955103.299
0.103999999999999 4.51115780655794 775542675709.787
0.104499999999999 4.52614131557271 778471694967.073
0.104999999999999 4.54164410988723 781469868622.831
0.105499999999999 4.55651312767251 784372495024.738
0.105999999999999 4.57127901655766 787273981037.963
0.106499999999999 4.58595101043477 790140705190.82
0.106999999999999 4.60041555150191 792987230113.094
0.107499999999999 4.61502290643137 795861383084.092
0.107999999999999 4.62933334459904 798686749330.015
0.108499999999999 4.6436523112547 801501421619.203
0.108999999999999 4.65830735188408 804379188270.718
0.109499999999999 4.67251286029361 807194652946.02
0.109999999999999 4.68757488057617 810161380554.921
0.110499999999999 4.70182748881013 812975059174.383
0.111 4.71598690307701 815789018355.871
0.1115 4.73057589275479 818673144668.582
0.112 4.74443764672564 821438757297.54
0.1125 4.75866544932211 824261733642.667
0.113 4.77239738111152 827025219772.013
0.1135 4.78608270964714 829785782037.44
0.114 4.79752699576386 832179855173.891
0.1145 4.80894369294101 834554136181.219
0.115 4.82075866306451 836983429513.87
0.1155 4.82975758389886 838980688759.302
0.115999999999999 4.83831542242279 840909348697.579
0.116499999999999 4.84536454023702 842640688436.951
0.116999999999999 4.84816521232169 843682738581.929
0.117499999999999 4.85258709638333 844907702283.512
0.117999999999999 4.85519757193363 845808297123.211
0.118499999999999 4.8602253877403 847254442958.264
0.118999999999999 4.85897052347858 847553277062.793
0.119499999999999 4.85404800763182 847320288904.244
0.119999999999999 4.84609264187421 846636356091.671
0.120499999999999 4.84121259610561 846432233858.516
0.120999999999999 4.82559198233262 844495120643.395
0.121499999999999 4.81392808350269 843182642376.661
0.121999999999999 4.79769962149208 841247029496.537
0.122499999999999 4.77916330608997 838922707484.247
0.122999999999999 4.75749418150955 835929952542.496
0.123499999999999 4.73427245047729 832832401140.124
0.123999999999999 4.71111804266495 829674277828.407
0.124499999999999 4.67746381214807 824801426386.063
0.124999999999999 4.63961680690716 819446087361.619
0.125499999999999 4.59708792785363 813073980897.569
0.125999999999999 4.55821789056543 807470185298.208
0.1265 4.5113225764863 800355845102.569
0.127 4.46186679020947 793007459079.44
0.1275 4.41797095682001 786482652142.78
0.128 4.3659503575736 778673063663.702
0.1285 4.3097438029712 770227609509.634
0.129 4.25183312226861 761523636928.642
0.1295 4.18273276662362 751003512033.821
0.13 4.10463402032208 739086012057.167
0.1305 4.02398525431822 726947757537.834
0.131 3.94717773562353 715326233033.534
0.131499999999999 3.85827196516442 701570464374.835
0.131999999999999 3.77638860079878 689078864544.56
0.132499999999999 3.6783101091087 674005329959.92
0.132999999999999 3.59057512914176 660180363342.919
0.133499999999999 3.48619481613841 643926717749.007
0.133999999999999 3.38884358719788 628792590028.616
0.134499999999999 3.27768284119818 611360150813.401
0.134999999999999 3.15272047226833 591679901532.393
0.135499999999999 3.02660735389526 571230346499.623
0.135999999999999 2.89638644240169 550378081977.691
0.136499999999999 2.75945980147908 528288231276.48
0.136999999999999 2.61674496339587 505347662542.339
0.137499999999999 2.46493515681352 480816004437.675
0.137999999999999 2.31038275730955 455433263527.191
0.138499999999999 2.14210849072775 427547539723.833
0.138999999999999 1.98203560067736 400908814870.69
0.139499999999999 1.8026043543373 370760260107.492
0.139999999999999 1.64364669918843 344065507861.815
0.140499999999999 1.47860367850127 315717285849.344
0.140999999999999 1.29892415755725 284920746854.559
0.141499999999999 1.12249591352711 254297565990.454
0.141999999999999 0.955823116959199 225231325186.656
0.1425 0.794863865496601 196878226695.614
0.143 0.652569576359679 171746273978.775
0.1435 0.520626793185982 148294865416.987
0.144 0.434739321622821 133118253568.322
0.1445 0.351169601272539 118047783697.745
0.145 0.276713017866866 104148548673.852
0.1455 0.198117850115176 89863668744.5487
0.146 0.126625809733125 77076932635.6629
0.146499999999999 0.0929605355619199 70952312323.4147
0.146999999999999 0.0706148006667272 66697272015.2184
0.147499999999999 0.0627020677112892 64802245303.4582
0.147999999999999 0.0158203505071497 56757880906.7763
0.148499999999999 0.0018460751052364 54168281890.475
0.148999999999999 -0.0306059594261268 47704401491.4331
0.149499999999999 -0.0657849274489293 41271420264.8533
0.149999999999999 -0.0809039260009302 38316647189.8941
0.150499999999999 -0.0675756133294827 39982078468.5532
0.150999999999999 -0.0571678884355855 41993502131.3964
0.151499999999999 -0.0685104340022721 39643662681.6203
0.151999999999999 -0.0760661599652134 38012775371.5694
0.152499999999999 -0.0950506845735863 34362039859.8863
0.152999999999999 -0.105842727626558 32374242564.1259
0.153499999999999 -0.118187319373698 29845241736.431
0.153999999999999 -0.102222881837513 32179793871.9808
0.154499999999999 -0.0943597532362858 33843298598.7764
0.154999999999999 -0.0858601404139386 34508193512.5105
0.155499999999999 -0.113447918368832 29426394761.9189
0.155999999999999 -0.10829973237461 30070679334.985
0.156499999999999 -0.107058377971172 30030554922.2317
0.156999999999999 -0.0944208868593113 32020038154.0363
0.1575 -0.0936618982681068 32137950349.0129
0.158 -0.070177195985176 35959511015.6645
0.1585 -0.0629943845444722 36974800951.3387
0.159 -0.0819368418156944 33741195797.0981
0.1595 -0.0787191503752705 33656261398.9255
0.16 -0.0728029856258338 35099355349.7205
0.1605 -0.0677086221090669 35856278828.1195
0.161 -0.0437474888812358 39680160202.0902
0.1615 -0.029287070826032 42121317232.6281
0.161999999999999 -0.0392027633747799 40615543996.0121
0.162499999999999 -0.0432662291499123 39765174034.3138
0.162999999999999 -0.0463910855969961 39175368253.2145
0.163499999999999 -0.0503678635052487 38105458501.9505
0.163999999999999 -0.03828966808254 40570386734.0166
0.164499999999999 -0.0176605108805073 44112318103.3573
0.164999999999999 -0.0145966454592613 44635146011.1776
0.165499999999999 0.00215227204489057 47229888455.2427
0.165999999999999 0.0103640091496123 48931087298.0255
0.166499999999999 0.00962443442939375 48487724350.7828
0.166999999999999 0.00542052601096745 47795046384.8988
0.167499999999999 -6.57565347722782e-05 46848278626.7855
0.167999999999999 0.0102184627082512 48794854799.1833
0.168499999999999 -0.00126719465197497 46657347805.3869
0.168999999999999 -0.00913344765765013 45187041752.3871
0.169499999999999 0.00726009681849499 48317432001.6439
0.169999999999999 0.00906518197408247 48534690946.1638
0.170499999999999 -0.00497895241392004 45829979626.2962
0.170999999999999 -0.00544334670715826 45610583880.7096
0.171499999999999 0.0018875692176404 47051359791.2477
0.171999999999999 0.00743310636243266 47632440036.6065
0.172499999999999 0.0143121475093115 49038339338.3959
0.172999999999999 0.0300429676939781 51998571699.3863
0.1735 0.0263590253618224 51091272852.9351
0.174 0.0194227253995866 49736548817.0957
0.1745 0.0122462670040015 48506322734.9919
0.175 -0.0144187316768815 43787256260.4468
0.1755 -0.00455983217253901 45794052552.7334
0.176 -0.00609376088886943 45467711835.1475
0.1765 0.0187372067498445 49677778806.6624
0.176999999999999 0.0127656835120437 48595487841.058
0.177499999999999 0.0273974821199539 51283439776.0175
0.177999999999999 0.0304919149137776 51837744105.0458
0.178499999999999 0.0391307292346928 53425120273.3739
0.178999999999999 0.0438476703954832 54100747640.4007
0.179499999999999 0.0526729346354687 55737894562.0915
0.179999999999999 0.0661435660264586 58154979839.9782
0.180499999999999 0.0773116001727867 59965588813.7587
0.180999999999999 0.0733623447423132 59152521147.4824
0.181499999999999 0.0600708943373929 57192710098.6919
0.181999999999999 0.0651602803121929 58009457137.9055
0.182499999999999 0.0646790869571156 57823402002.1733
0.182999999999999 0.0582562400668437 56678913356.5152
0.183499999999999 0.0630251556846371 57685392695.5922
0.183999999999999 0.0500930809961678 55266931882.996
0.184499999999999 0.0510884232165325 55479334092.3035
0.184999999999999 0.0461685264446725 53985952996.5086
0.185499999999999 0.0741147912322899 59211900672.4788
0.185999999999999 0.0649593565347886 57743292491.5353
0.186499999999999 0.0813664373262653 60635040390.5456
0.186999999999999 0.0589469245811296 56635540956.9843
0.187499999999999 0.0578408949032603 56299557222.1809
0.187999999999999 0.0568922011329851 56154332410.8105
0.1885 0.0665651298846359 57767732070.9388
0.189 0.0622488144636118 56807917349.5569
0.1895 0.0530533539804515 55247448855.1247
0.19 0.0554321993934717 55381524398.5861
0.1905 0.070249869787841 58028942759.5076
0.191 0.0785138496877682 59844325266.7335
0.1915 0.0791762806208519 59952899289.0958
0.192 0.0816376198185591 60331542510.8065
0.192499999999999 0.090392970966439 62094366919.09
0.192999999999999 0.0784591985624011 59999206261.5438
0.193499999999999 0.0912266668429635 62176552688.4843
0.193999999999999 0.0929448721688553 62515385955.3819
0.194499999999999 0.083902216347275 61184940788.5256
0.194999999999999 0.0899207035426725 62170319118.9382
0.195499999999999 0.0970391291518708 63395924031.8895
0.195999999999999 0.0935668805579809 62793488571.0848
0.196499999999999 0.105453428116844 65027745611.7665
0.196999999999999 0.105180803721844 65144613611.7967
0.197499999999999 0.10384425868984 64481119445.4918
0.197999999999999 0.0875000181266483 61668795173.8528
0.198499999999999 0.0880547232373898 61688480084.1428
0.198999999999999 0.0864196274560895 61344179020.6608
0.199499999999999 0.0926980688296749 62099757100.2193
0.199999999999999 0.0851467171522321 61074065447.6236
0.200499999999999 0.0939982380969767 62524301972.4636
0.200999999999999 0.0897340210548845 61774948031.2274
0.201499999999999 0.0962230444881523 63252149188.9537
0.201999999999999 0.09526655203566 62807867448.4293
0.202499999999999 0.089550450283793 61664749778.8336
0.202999999999999 0.111974041215608 65963227849.1812
0.203499999999999 0.109903146592698 65126284365.1648
0.203999999999999 0.122690262706365 67674999291.8162
0.2045 0.113944610159692 66206484793.6762
0.205 0.108901017952593 65411752707.4812
0.2055 0.107197526455322 64967511389.1127
0.206 0.0933415704449854 62470523577.9956
0.2065 0.0990397626617072 63054060792.513
0.207 0.0957332500802466 62863793158.4662
0.207499999999999 0.0873666174960648 61038289910.2139
0.207999999999999 0.0980123714179818 63252966533.8579
0.208499999999999 0.108720624010521 65259139807.6958
0.208999999999999 0.119957276834847 67357375407.645
0.209499999999999 0.104797560780064 64352034271.7034
0.209999999999999 0.112796300915092 65800073876.2659
0.210499999999999 0.11131073771223 65608596965.3069
0.210999999999999 0.107057641027944 65057596409.5902
0.211499999999999 0.115121324030418 66221148861.9343
0.211999999999999 0.113968932293748 65951255513.5697
0.212499999999999 0.111208455425396 65435755259.436
0.212999999999999 0.10333279065223 63650908223.0519
0.213499999999999 0.102178113679864 63649832762.9533
0.213999999999999 0.108037127036923 64763437486.9923
0.214499999999999 0.113869579477234 65698119749.1004
0.214999999999999 0.115298162110395 65993730655.7838
0.215499999999999 0.0975851745676231 62566006451.0532
0.215999999999999 0.10127533275933 63320784204.3983
0.216499999999999 0.101520668053958 63247229100.2543
0.216999999999999 0.0908317645235757 61504766523.6307
0.217499999999999 0.104778819074694 63814536745.7017
0.217999999999999 0.0961947259372552 62318914842.926
0.218499999999999 0.10867668831456 64371627397.8863
0.218999999999999 0.10539269343845 63864120514.0023
0.2195 0.0918723073003739 61352473316.5787
0.22 0.10865463104213 64377854282.2838
0.2205 0.113579293453411 65353779039.9614
0.221 0.10673572088269 63762735376.4366
0.2215 0.107600924149326 64269117805.3983
0.222 0.104184391153992 63840343649.6373
0.2225 0.107172415199693 64285234850.1165
0.222999999999999 0.0989366672586447 62430766360.3172
0.223499999999999 0.0971934706153507 62347618751.994
0.223999999999999 0.0913090766446434 61196032939.6116
0.224499999999999 0.10686253730757 63823887958.9802
0.224999999999999 0.111818655308554 64702506948.7147
0.225499999999999 0.118122339125268 66052226533.5669
0.225999999999999 0.126302394723149 67209221434.7025
0.226499999999999 0.133084614144709 68914138921.8409
0.226999999999999 0.139733537077029 69913999743.562
0.227499999999999 0.137114949866266 69752617148.952
0.227999999999999 0.139832779670071 70116965529.7292
0.228499999999999 0.137361658193168 69432627257.1229
0.228999999999999 0.116214796859704 65904194939.6994
0.229499999999999 0.117993142135323 66158848559.9858
0.229999999999999 0.120670272012874 67151611675.9749
0.230499999999999 0.123452859322003 67137214509.3772
0.230999999999999 0.110546921327562 64901657015.0667
0.231499999999999 0.12607065491011 67529696722.5878
0.231999999999999 0.132049367799017 68753344950.7799
0.232499999999999 0.133860390430335 69388732478.7144
0.232999999999999 0.12271374673477 67016946593.1361
0.233499999999999 0.122733336606792 67268587896.6866
0.233999999999999 0.14097033807781 70263536988.1366
0.234499999999999 0.124528460384582 67273800383.59
0.234999999999999 0.122393962682346 67070542089.6369
0.235499999999999 0.121299504834171 66611712004.3432
0.236 0.130020921556357 68330592418.9345
0.2365 0.123270469855531 66888523392.3992
0.236999999999999 0.129873007425252 68233149321.7217
0.237499999999999 0.127106578261451 67822582564.9866
0.237999999999999 0.120758195019002 66489224593.2467
0.238499999999999 0.129228184466073 68249539571.2986
0.238999999999999 0.133673662756297 68791213873.9806
0.239499999999999 0.127505688891768 67909423662.6568
0.239999999999999 0.125641683730935 67641202350.9604
0.240499999999999 0.116883289682428 65857506820.165
0.240999999999999 0.123518685337176 67064430839.8365
0.241499999999999 0.126455387437793 67257353112.8449
0.241999999999999 0.126128716894798 67562556885.5714
0.242499999999999 0.121901216905205 66891705451.7603
0.242999999999999 0.118777284149287 66025207471.3244
0.243499999999999 0.129680000077425 68081909211.5016
0.243999999999999 0.109664939439534 64317644303.578
0.244499999999999 0.0922063320660281 61382949171.4912
0.244999999999999 0.111290869852109 65124693820.5886
0.245499999999999 0.107134022516089 63785432783.9854
0.245999999999999 0.119070869117976 66266038339.263
0.246499999999999 0.126262298765664 67735219697.6535
0.246999999999999 0.12545438315816 67504101403.0398
0.247499999999999 0.124287757775818 67046320615.7997
0.247999999999999 0.120315385592339 66261535634.6506
0.248499999999999 0.128425081160232 67682896145.8371
0.248999999999999 0.130971072327074 68627177598.5315
0.249499999999999 0.141607672832779 70191092170.0527
0.249999999999999 0.124727983229514 67503901907.9263
