# Fix print output for fix def1
8.92857154188234e-16 0.00569148155564396 2844842266.8596
0.00050000000000088 0.034231874091384 7273735877.5652
0.00100000000000087 0.0628693504071438 11724485380.6151
0.00150000000000085 0.091300670054902 16145104631.3261
0.00200000000000084 0.119699302174312 20577073223.0842
0.00250000000000094 0.147844677680224 24969737700.8088
0.00300000000000081 0.175315070562292 29274325476.9311
0.00350000000000091 0.202544860618932 33524183322.3612
0.00400000000000079 0.229579067636474 37745041887.5012
0.00450000000000089 0.256274726000282 41936290311.7238
0.00500000000000087 0.282983372031265 46120266856.6727
0.00550000000000075 0.310173574950051 50403471966.362
0.00600000000000085 0.336198617831817 54491215205.6731
0.00650000000000095 0.362416748663978 58607499417.5941
0.00700000000000082 0.387624098886663 62581342387.306
0.00750000000000092 0.414466280093804 66825685504.3854
0.00800000000000079 0.440506498496531 70918505133.3139
0.00850000000000089 0.466455687708796 75028153795.1742
0.00900000000000077 0.492780609112376 79172676573.1187
0.00950000000000087 0.518470625751902 83261985655.4648
0.0100000000000007 0.54487123456295 87434444974.8574
0.0105000000000008 0.570944177693047 91562697110.2896
0.0110000000000009 0.596828536968691 95688748071.8787
0.0115000000000008 0.623121344491706 99863260771.0831
0.0120000000000009 0.649083446158465 103992620527.755
0.0125000000000008 0.675301700800279 108155722604.092
0.0130000000000009 0.700738433270455 112213458171.362
0.0135000000000008 0.726952357534331 116407128156.054
0.0140000000000009 0.75174105929395 120354028772.735
0.014500000000001 0.7778903502033 124551455911.638
0.0150000000000008 0.803149237099951 128591665728.69
0.0155000000000009 0.82890296704321 132697412932.275
0.0160000000000008 0.854295817302893 136780762388.477
0.0165000000000009 0.879539869553939 140833703123.422
0.0170000000000008 0.904755095792489 144887221109.026
0.0175000000000009 0.929803590138388 148915350266.917
0.0180000000000008 0.955018594819319 152975516288.641
0.0185000000000009 0.980935930109949 157144290313.121
0.019000000000001 1.00521089018244 161057139908.903
0.0195000000000008 1.0301188636997 165090140394.142
0.0200000000000009 1.0561452437537 169276270873.524
0.0205000000000008 1.07995504169801 173131934634.388
0.0210000000000009 1.10549558564525 177270649896.278
0.0215000000000008 1.13080614812182 181370233546.564
0.0220000000000009 1.15450710295014 185229743284.073
0.0225000000000007 1.18032441446026 189412720408.973
0.0230000000000008 1.20518989627972 193458016562.369
0.0235000000000009 1.22917035966632 197353510831.984
0.0240000000000008 1.25301097076023 201256755200.271
0.0245000000000009 1.27760949378587 205257070522.38
0.0250000000000008 1.30052644269829 209007112642.936
0.0255000000000009 1.325258671521 213050910437.341
0.0260000000000008 1.34852375010025 216859185909.097
0.0265000000000009 1.37319962034489 220896949430.135
0.027000000000001 1.39879915994645 225090573856.105
0.0275000000000008 1.42267908906745 229008285833.374
0.0280000000000009 1.44694170147433 232999331119.716
0.0285000000000008 1.47219624293849 237133761642.645
0.0290000000000009 1.49601164321813 241068498101.918
0.0295000000000008 1.51861524738399 244798785069.893
0.0300000000000009 1.54451694361216 249049959223.794
0.0305000000000008 1.5683350044262 252972967539.64
0.0310000000000009 1.59215058629146 256912512044.54
0.031500000000001 1.61536491223626 260765600711.092
0.0320000000000008 1.63961760134073 264770161307.308
0.0325000000000009 1.66254838766335 268577388609.312
0.0330000000000008 1.68473006690287 272271269572.786
0.0335000000000009 1.70871162031884 276250754029.234
0.034000000000001 1.73252758812872 280209368410.941
0.0345000000000009 1.75461671535188 283885396822.484
0.0350000000000008 1.7777726486097 287753881602.849
0.0355000000000009 1.79999027979871 291475114392.538
0.036000000000001 1.82264478921204 295247824466.664
0.0365000000000008 1.84627867405827 299192209379.77
0.0370000000000009 1.86895031027611 302988974866.61
0.037500000000001 1.89120491573535 306725590144.781
0.0380000000000009 1.91476989608615 310673462934.588
0.0385000000000008 1.93792894334853 314563566828.993
0.0390000000000009 1.96065345340553 318362383169.222
0.039500000000001 1.9833960975444 322199010481.487
0.0400000000000008 2.00628255090463 326058484303.676
0.0405000000000009 2.02796763558712 329697664763.842
0.041000000000001 2.05030408413929 333470019917.416
0.0415000000000009 2.07222795661574 337184644256.17
0.0420000000000008 2.09364199733976 340803265233.709
0.0425000000000009 2.11635082555025 344643114924.754
0.043000000000001 2.13790926894877 348312630506.26
0.0435000000000009 2.15934178300335 351944582674.065
0.044000000000001 2.18048172945736 355530219192.677
0.0445000000000011 2.20042957148098 358950790745.718
0.0450000000000009 2.22162435936393 362561177728.618
0.0455000000000008 2.24372957682671 366321419223.694
0.0460000000000009 2.26615068501179 370134171656.707
0.046500000000001 2.28690282743872 373693826531.336
0.0470000000000009 2.30802645069982 377293986679.38
0.0475000000000008 2.3286062641927 380835789567.911
0.0480000000000009 2.34921809897882 384365119956.764
0.048500000000001 2.37027509351935 387971939172.636
0.0490000000000008 2.39150985108481 391609335132.89
0.0495000000000009 2.41301325360088 395317594087.884
0.050000000000001 2.43484229751261 399067688363.916
0.0505000000000009 2.45670923317151 402819251379.039
0.0510000000000008 2.47782859514781 406469888270.695
0.0515000000000009 2.49876555572328 410067088901.748
0.052000000000001 2.51918962422052 413578925496.31
0.0525000000000009 2.53991949933402 417184413311.121
0.053000000000001 2.55978309442636 420619638244.362
0.0535000000000011 2.58044828088072 424213689430.694
0.0540000000000009 2.60071582619785 427721845533.783
0.0545000000000008 2.62062605693371 431180877509.595
0.0550000000000009 2.6405877575869 434651179225.46
0.055500000000001 2.66146276005722 438294195823.137
0.0560000000000009 2.68165573227021 441803369397.654
0.056500000000001 2.70265530449951 445461717525.038
0.0570000000000011 2.72306268505505 449036810106.698
0.0575000000000009 2.74277043555681 452465863742.021
0.0580000000000008 2.7624284500544 455932749943.022
0.0585000000000009 2.78300451421131 459513401764.288
0.059000000000001 2.80278897697331 462977684590.384
0.0595000000000009 2.82228114622231 466413283319.398
0.0600000000000008 2.84179440173137 469847794883.65
0.0605000000000009 2.86130348741967 473271716303.067
0.061000000000001 2.88104144718909 476752735854.749
0.0615000000000008 2.90058549034989 480195896379.751
0.0620000000000009 2.92024151810646 483677044814.208
0.062500000000001 2.93944113602559 487067252811.227
0.0630000000000009 2.95866445675627 490459538650.105
0.0635000000000008 2.9781973970944 493922106945.836
0.0640000000000009 2.99679157558702 497222152830.041
0.064500000000001 3.01590177063442 500611481361.243
0.0650000000000009 3.03362597426051 503761582354.119
0.065500000000001 3.05361454067824 507319625949.456
0.0660000000000011 3.07220314372439 510639581510.302
0.0665000000000009 3.09122091951417 514023516772.862
0.0670000000000008 3.10909187798002 517225159175.194
0.0675000000000009 3.12873172811929 520731078822.386
0.068000000000001 3.14763459144582 524103979940.051
0.0685000000000009 3.16711113357578 527577062549.084
0.069000000000001 3.18526359730811 530843238635.528
0.0695000000000011 3.20469961623895 534319305942.531
0.070000000000001 3.22329884021372 537654185265.664
0.0705000000000008 3.24210713225148 541023972549.526
0.0710000000000009 3.26020678640914 544290504238.891
0.071500000000001 3.27760082169112 547456534159.3
0.0720000000000009 3.29507175086358 550643556580.7
0.0725000000000008 3.31148965569515 553644390501.765
0.0730000000000011 3.32741507714701 556577577812.373
0.073500000000001 3.34304572200711 559491742229.454
0.0740000000000008 3.35869982847679 562378676353.031
0.074500000000001 3.37263495471592 564997268550.86
0.0750000000000011 3.38555852500305 567441099364.543
0.0755000000000009 3.3983664203783 569954778643.487
0.0760000000000008 3.40868269366353 571938218355.107
0.0765000000000011 3.42025943319931 574224201675.183
0.077000000000001 3.43050627509094 576299733991.643
0.0775000000000009 3.43988025573327 578163344044.5
0.078000000000001 3.44896974046402 579993075992.786
0.0785000000000011 3.45917261111361 582010633262.581
0.0790000000000009 3.46993069223898 584150676505.395
0.0795000000000008 3.47801060178914 585839225205.572
0.0800000000000009 3.48689937247557 587660864905.594
0.080500000000001 3.49381643356415 589166599235.412
0.0810000000000009 3.50077133995413 590729175365.607
0.081500000000001 3.50375484702351 591609471859.086
0.0820000000000011 3.50867390831535 592835679120.269
0.082500000000001 3.51467493199244 594233081212.969
0.0830000000000008 3.51423696644263 594579244115.183
0.0835000000000009 3.51458309525417 595028319106.712
0.084000000000001 3.51419057065287 595323308398.572
0.0845000000000009 3.51153838095204 595377276205.564
0.085000000000001 3.51187777354143 595884858091.921
0.0855000000000011 3.50363237567074 594965962707.11
0.086000000000001 3.49727900234842 594373778656.993
0.0865000000000009 3.49062081062022 593619819150.05
0.087000000000001 3.48695605168599 593349771702.188
0.087500000000001 3.48224983512957 593070365907.766
0.0880000000000009 3.47576769628501 592359240958.004
0.0885000000000008 3.47004827935063 591856494786.248
0.0890000000000009 3.46317185897156 591121268035.932
0.089500000000001 3.4523464745448 589689759087.637
0.0900000000000009 3.44640524937773 589153991920.922
0.090500000000001 3.43365428462037 587588362526.025
0.0910000000000011 3.42062007232442 585815682476.082
0.0915000000000009 3.40225045757158 583393463676.098
0.0920000000000008 3.38740861257048 581334365623.052
0.0925000000000009 3.36675033931488 578574477442.755
0.093000000000001 3.33601166069966 574007927504.05
0.0935000000000009 3.31252689143371 570675611758.17
0.094000000000001 3.2845893403085 566504991104.569
0.0945000000000011 3.24952203254453 561369545706.551
0.095000000000001 3.21420987873083 556097295674.012
0.0955000000000008 3.16309350809501 548346679270.478
0.0960000000000009 3.12469360911088 542514064524.103
0.096500000000001 3.08149835331831 535724729222.317
0.0970000000000009 3.03106465297455 527840608033.323
0.097500000000001 2.98794286631943 521366788121.377
0.0980000000000011 2.93905631147376 513791083588.183
0.098500000000001 2.88999032595932 506178675427.641
0.0990000000000009 2.83122401743229 496872623429.551
0.099500000000001 2.77193560298277 487627177207.028
0.100000000000001 2.71016781580177 477853843941.954
0.100500000000001 2.65081432841553 468435094758.178
0.101000000000001 2.58891990550703 458635550448.732
0.101500000000001 2.5141972677374 446722451668.521
0.102000000000001 2.44082621498612 435167668976.621
0.102500000000001 2.372314179581 424212298312.43
0.103000000000001 2.29679025652134 412061850722.396
0.103500000000001 2.21311450451525 398684755558.097
0.104000000000001 2.13191503864845 385559382530.782
0.104500000000001 2.05021082429252 372235953069.497
0.105000000000001 1.97070760741033 359319699048.572
0.105500000000001 1.88113657715098 344688864786.806
0.106000000000001 1.78528313735913 329201283869.479
0.106500000000001 1.69003717256689 313403659881.03
0.107000000000001 1.60214090187442 299063958264.615
0.107500000000001 1.50854360255411 283424205696.145
0.108000000000001 1.4234682319263 269484254141.724
0.108500000000001 1.3348380542911 254554370975.927
0.109000000000001 1.23533174147502 238264287914.554
0.109500000000001 1.15297131530173 224285359965.371
0.110000000000001 1.06914081370881 210236686432.008
0.110500000000001 0.986699938992553 196121070768.652
0.111000000000001 0.90037984836527 181408348108.481
0.111500000000001 0.806383607197154 165356268448.435
0.112000000000001 0.730335369070828 152630071002.874
0.112500000000001 0.667673627520294 141772181096.921
0.113000000000001 0.591393708105254 128810399291.212
0.113500000000001 0.525641893064138 117758059421.043
0.114000000000001 0.463881646646026 106915067826.943
0.114500000000001 0.415187202076816 98509911233.672
0.115000000000001 0.375853287281024 91694136468.2897
0.115500000000001 0.329207188484041 83624458595.714
0.116000000000001 0.288124518506454 76767602180.9745
0.116500000000001 0.266335617061503 72764855195.9039
0.117000000000001 0.230332447568012 66692836717.2483
0.117500000000001 0.208680044466441 62535791204.7159
0.118000000000001 0.185954101604232 58718837943.4823
0.118500000000001 0.167592810000814 55484858458.5473
0.119000000000001 0.153901368429258 52927228345.3226
0.119500000000001 0.135035769623471 49369133784.7501
0.120000000000001 0.115718584864715 46080413729.4586
0.120500000000001 0.120053127486921 46979185842.7765
0.121000000000001 0.10488132372271 44165111739.2673
0.121500000000001 0.112283870966139 45021730039.6945
0.122000000000001 0.103074781901097 43426456104.2428
0.122500000000001 0.0922711223590928 41714497067.7769
0.123000000000001 0.0860196335660227 40548076047.1069
0.123500000000001 0.0873229829411303 40298633974.7339
0.124000000000001 0.0860469283654506 40415191625.7149
0.124500000000001 0.0924112565634165 41546889646.3325
0.125000000000001 0.0907933076809099 40991933218.2378
0.125500000000001 0.0954476381679556 41830935183.2985
0.126000000000001 0.104177340829938 43172860518.1217
0.126500000000001 0.0923099946185015 41194154676.0743
0.127000000000001 0.10710038153553 43560617494.6792
0.127500000000001 0.0937066443416336 41261163319.0597
0.128000000000001 0.089856824423024 40503546713.6446
0.128500000000001 0.0903154682581461 40686157166.1816
0.129000000000001 0.0861537359936659 39943548820.2437
0.129500000000001 0.107035743065787 43428877282.0717
0.130000000000001 0.108889241139537 43828810394.6586
0.130500000000001 0.116578824296101 45333804455.9993
0.131000000000001 0.125809327128341 46751256262.727
0.131500000000001 0.122347880444207 46170518083.8473
0.132000000000001 0.127175694224547 46973610792.6495
0.132500000000001 0.117707119954965 45031785672.8621
0.133000000000001 0.127652324962539 46790854573.5928
0.133500000000001 0.12125898383888 45708212122.5711
0.134000000000001 0.113687436982197 44261504156.9083
0.134500000000001 0.120887360949442 45452449916.5953
0.135000000000001 0.116909343773981 44868000392.87
0.135500000000001 0.110069433243501 43458870546.7781
0.136000000000001 0.104128715412036 42538142227.9018
0.136500000000001 0.100339144953932 41727695759.5548
0.137000000000001 0.08882196154911 39735692825.4414
0.137500000000001 0.0899317198223641 39792280797.9314
0.138000000000001 0.0750960057449687 37183967447.4894
0.138500000000001 0.0854632873129741 38861734536.736
0.139000000000001 0.0939851445505526 40445051016.6647
0.139500000000001 0.0966968294198584 40925428005.9231
0.140000000000001 0.107680551410499 42874811454.0889
0.140500000000001 0.127425414263555 46253656525.9619
0.141000000000001 0.143340434302342 48960122477.7307
0.141500000000001 0.144384468081639 49237491466.5616
0.142000000000001 0.139588085637381 48529666676.0353
0.142500000000001 0.131044016028246 47066550596.3164
0.143000000000001 0.131969109413572 46691931907.3464
0.143500000000001 0.122781446577374 45581556283.8239
0.144000000000001 0.129052243384793 46516401558.804
0.144500000000001 0.126351308054118 45824570429.7934
0.145000000000001 0.132973744218238 47237530034.6194
0.145500000000001 0.141655762215733 48720220153.9548
0.146000000000001 0.145754920984527 49521557653.5409
0.146500000000001 0.148557171027443 50017338463.0944
0.147000000000001 0.142063004408995 48821189357.5089
0.147500000000001 0.14187414313481 48662436736.6227
0.148000000000001 0.127833129923141 46243417093.3206
0.148500000000001 0.134634842904475 47520020403.3207
0.149000000000001 0.134354948021795 47361511848.7419
0.149500000000001 0.143095502660066 49122655106.9365
0.150000000000001 0.154447940329805 51004532082.1163
0.150500000000001 0.16510413042018 52999266326.7195
0.151000000000001 0.162041681790884 52581144920.5328
0.151500000000001 0.161127704914618 52106827918.8882
0.152000000000001 0.156954016697612 51542976917.9688
0.152500000000001 0.165628770489869 53077765492.9228
0.153000000000001 0.172302477628679 54384391235.2652
0.153500000000001 0.166912944125515 53410371589.0797
0.154000000000001 0.159289293200508 52093705871.837
0.154500000000001 0.165654918001923 53033806990.8755
0.155000000000001 0.17212653759839 54517004184.9265
0.155500000000001 0.176283099009009 55360041990.3299
0.156000000000001 0.198816131522004 59185605846.3233
0.156500000000001 0.197746365670534 59056828877.5413
0.157000000000001 0.210072842716427 61257543918.8785
0.157500000000001 0.199297007688748 59244907700.5558
0.158000000000001 0.198989254876107 59306944305.9667
0.158500000000001 0.192850628350726 58273598744.6346
0.159000000000001 0.184586230222538 56753689259.8433
0.159500000000001 0.191201648568819 57647330009.5033
0.160000000000001 0.191407624962111 57660140166.9434
0.160500000000001 0.185857565921014 56830188986.6092
0.161000000000001 0.197380664353332 58828477923.6209
0.161500000000001 0.19773114470807 59133002209.2157
0.162000000000001 0.200934049490993 59639426160.7803
0.162500000000001 0.212424435632914 61894234842.0174
0.163000000000001 0.215092360455772 61873446303.0856
0.163500000000001 0.216631773744684 62636609178.3029
0.164000000000001 0.225129853661844 63716343239.8268
0.164500000000001 0.214645669166854 62344505842.4015
0.165000000000001 0.214782540549471 62253913587.8755
0.165500000000001 0.205335420153529 60541899684.4549
0.166000000000001 0.195735167568445 59094040017.4305
0.166500000000001 0.182000747297886 56438708991.493
0.167000000000001 0.172431037697626 54810150758.5175
0.167500000000001 0.184687440864773 56882970745.1942
0.168000000000001 0.203370398318889 60306653657.4993
0.168500000000001 0.203067136719916 60065562222.8963
0.169000000000001 0.233858776031703 65742867841.0787
0.169500000000001 0.225208909693654 64001422504.281
0.170000000000001 0.222377195048219 63708653793.7187
0.170500000000001 0.223105715658298 63740919113.5412
0.171000000000001 0.212987440323094 62200738587.9872
0.171500000000001 0.211288752842389 61858119904.4142
0.172000000000001 0.209628538304924 61889078732.7126
0.172500000000001 0.218036456793889 62827270715.0338
0.173000000000001 0.216354372382065 62847679924.0113
0.173500000000001 0.209223636161925 61462630073.1289
0.174000000000001 0.20324900118679 60786823731.8615
0.174500000000001 0.205637512990526 60922583413.3587
0.175000000000001 0.200039038005467 59952619742.3066
0.175500000000001 0.212792506284267 62148852387.2627
0.176000000000001 0.217850682992733 63061493192.2457
0.176500000000001 0.22215993823451 63852540477.2991
0.177000000000001 0.221774738588438 64051109846.6222
0.177500000000001 0.226132508839867 64530562282.9718
0.178000000000001 0.217609036299264 63037832514.8886
0.178500000000001 0.227518456340771 64798931088.9097
0.179000000000001 0.215791701123381 62869520268.2803
0.179500000000001 0.215091472262445 62593129089.5865
0.180000000000001 0.20551467527868 60912244446.2616
0.180500000000001 0.212624032447261 62422090334.6511
0.181000000000001 0.210988666169377 62365535293.3528
0.181500000000001 0.218357648788862 63369797266.9945
0.182000000000001 0.214887836545038 62661399549.7365
0.182500000000001 0.221777566052241 64390787933.3795
0.183000000000001 0.223312158693305 64610054714.7072
0.183500000000001 0.228623366329708 65466521039.5579
0.184000000000001 0.234744381371743 66526010679.2033
0.184500000000001 0.2367949199831 67214566309.071
0.185000000000001 0.245079652325553 68777810590.0253
0.185500000000001 0.240388646498628 67820723996.7706
0.186000000000001 0.242195487810988 67870095038.68
0.186500000000001 0.256431772347276 70742418152.6145
0.187000000000001 0.248117806230141 69099773066.1964
0.187500000000001 0.246197681825978 68797114243.0307
0.188000000000001 0.24940528007081 69405252717.0773
0.188500000000001 0.257158098405141 71057745055.5444
0.189000000000001 0.259496758185927 71374819095.5038
0.189500000000001 0.257450017212345 70829944880.362
0.190000000000001 0.258774459053319 71401679684.9518
0.190500000000001 0.250620750210145 69766700869.7149
0.191000000000001 0.245622018130582 69122342745.3389
0.191500000000001 0.249399411659149 69704564587.4762
0.192000000000001 0.250023893071251 69980206988.5384
0.192500000000001 0.244446192213607 68901342284.7327
0.193000000000001 0.249711929793091 69887430523.1021
0.193500000000001 0.244818630095522 69107364439.4364
0.194000000000001 0.246560989224734 69462459095.3281
0.194500000000001 0.238903751781972 67951803124.3493
0.195000000000001 0.244811237189326 69115431187.1871
0.195500000000001 0.239319697868049 68323666926.1104
0.196000000000001 0.246292911044077 69467512303.0493
0.196500000000001 0.249360465956156 69893788359.894
0.197000000000001 0.240019591942275 68518976456.1474
0.197500000000001 0.232852705862549 67271430983.0029
0.198000000000001 0.229683487060941 66680737328.2316
0.198500000000001 0.226869325533316 66304869723.5763
0.199000000000001 0.224691243912688 65739851359.2243
0.199500000000001 0.226987435767725 66126215961.9815
0.200000000000001 0.225123432560734 66006217477.4254
0.200500000000001 0.230145918720463 66801781164.003
0.201000000000001 0.221674873227197 65472441828.9407
0.201500000000001 0.23719736136364 68374216618.2401
0.202000000000001 0.245797753073674 69903541418.1387
0.202500000000001 0.247841324478933 70309973577.0595
0.203000000000001 0.244255317329095 69527599041.9045
0.203500000000001 0.242832241119627 69468110786.5107
0.204000000000001 0.240969468209697 69345081086.4725
0.204500000000001 0.23630779759465 68217944778.0017
0.205000000000001 0.234347644688285 67631972474.7092
0.205500000000001 0.239391701529132 68637280046.9453
0.206000000000001 0.238250397274491 68787581421.9793
0.206500000000001 0.255860600324434 71979026276.4352
0.207000000000001 0.243840178929695 69793719030.6728
0.207500000000001 0.242866983138467 69671166457.6296
0.208000000000001 0.239816435358635 69303159984.1857
0.208500000000001 0.233873830318767 68273628889.7081
0.209000000000001 0.241224678054104 69424321286.5963
0.209500000000001 0.233868370593479 68127104340.0095
0.210000000000001 0.239176471697606 69059722655.5828
0.210500000000001 0.232676589007102 68160852107.0824
0.211000000000001 0.237751969555778 68848196041.8193
0.211500000000001 0.233486996965899 68119711649.7008
0.212000000000001 0.225277602501083 66833959291.7853
0.212500000000001 0.225250402396275 66754012198.6941
0.213000000000001 0.21787226096135 65497884752.6564
0.213500000000001 0.211420351463027 64379191362.819
0.214000000000001 0.220430382786582 65793502985.5499
0.214500000000001 0.223229739263464 66408285584.8399
0.215000000000001 0.230203465799336 67935842183.6587
0.215500000000001 0.236705107509091 68965760509.1634
0.216000000000001 0.236402031200004 68891738737.4953
0.216500000000001 0.240124567385422 69679227798.6051
0.217000000000001 0.235468951510167 68857597982.5084
0.217500000000001 0.239864583289677 69788855832.1795
0.218000000000001 0.229728338838707 68026331791.6681
0.218500000000001 0.228874198646063 67685985177.3459
0.219000000000001 0.225526893452439 67056539578.9108
0.219500000000001 0.214698696467875 65133883702.8589
0.220000000000001 0.220748785398119 66540099906.9578
0.220500000000001 0.212419654320526 64775133561.0883
0.221000000000001 0.214989991687981 65132075776.9703
0.221500000000001 0.21982028538519 66337300852.2583
0.222000000000001 0.212962650308368 64843126777.0189
0.222500000000001 0.224133382745784 66814777497.6932
0.223000000000001 0.214985994712966 65255805892.5719
0.223500000000001 0.2220474381861 66886684596.0993
0.224000000000001 0.225116491276885 67214023101.7626
0.224500000000001 0.23514973336085 69462900011.0198
0.225000000000001 0.225154863211739 67422008594.1172
0.225500000000001 0.223862672917024 67124934187.705
0.226000000000001 0.216082449219146 65560424154.8155
0.226500000000001 0.218809182301861 66284114238.0151
0.227000000000001 0.227103791666551 67736518576.7307
0.227500000000001 0.220297766781288 66544967501.7078
0.228000000000001 0.22570992923354 67910039433.3889
0.228500000000001 0.229942730843851 68474015944.8139
0.229000000000001 0.231610811114595 68923437349.4647
0.229500000000001 0.222891470389546 67262829183.1298
0.230000000000001 0.224752316011131 67686138874.1194
0.230500000000001 0.229525364736045 68501117643.8042
0.231000000000001 0.223644649190688 67589075005.4332
0.231500000000001 0.238568623703707 70157598373.9076
0.232000000000001 0.235960302239304 69948112505.2034
0.232500000000001 0.232379540910429 69032702906.4662
0.233000000000001 0.224325935886999 67697449330.7066
0.233500000000001 0.228090616951828 68645475558.9271
0.234000000000001 0.225652326652744 67835823010.7394
0.234500000000001 0.224458242211454 67842896256.0989
0.235000000000001 0.226317390286474 68422510195.0047
0.235500000000001 0.22118399866275 67300856746.0886
0.236000000000001 0.232587747722554 69458625477.8727
0.236500000000001 0.237072734359896 70420055398.1836
0.237000000000001 0.24407160184009 71698082983.1295
0.237500000000001 0.242057575713473 71258417888.7003
0.238000000000001 0.253407882578954 73597170864.0224
0.238500000000001 0.253487342834393 73599291991.6215
0.239000000000001 0.244738176872382 71878262036.9173
0.239500000000001 0.245062041372204 71788254086.5854
0.240000000000001 0.250272488498477 72962013029.6397
0.240500000000001 0.25638351326964 74206432750.4566
0.241000000000001 0.245006285753124 72144346694.8315
0.241500000000001 0.252120532520803 73518981254.0586
0.242000000000001 0.249641015451145 73047794391.4383
0.242500000000001 0.249456447249683 73110504222.1812
0.243000000000001 0.248369066580086 72651255024.4004
0.243500000000001 0.250426476109082 73269552841.382
0.244000000000001 0.250118301253001 73425051645.044
0.244500000000001 0.24452436936221 72161703242.9442
0.245000000000001 0.24918237671341 73133068595.4414
0.245500000000001 0.247686596993962 72674413515.2056
0.246000000000001 0.247434653939849 72682486041.8066
0.246500000000001 0.258441927060223 75107750302.6786
0.247000000000001 0.258215272910526 74768566802.9228
0.247500000000001 0.26258902412463 75969563687.2581
0.248000000000001 0.262732860398373 76084490465.8934
0.248500000000001 0.265065016137176 76557490306.4865
0.249000000000001 0.264886240618718 76642654517.0126
0.249500000000001 0.270250763601245 77509783175.3165
0.250000000000001 0.262576022404266 76150020202.5789
