# Fix print output for fix def1
-5.57998700327767e-16 0.00871235416924541 3329118625.33705
0.000499999999999456 0.0401189569685167 8212094633.99437
0.000999999999999471 0.0670953914372166 12416668647.2435
0.00149999999999949 0.0973531594504056 17116041877.2514
0.0019999999999995 0.123207031433748 21155411012.2642
0.00249999999999951 0.153646137114231 25919911881.4066
0.00299999999999953 0.179626665500847 29997546770.02
0.00349999999999954 0.209929546065863 34710598259.7332
0.00399999999999944 0.235430809173936 38698512662.4331
0.00449999999999946 0.265679598191491 43442597071.1848
0.00499999999999947 0.291391139689794 47478519144.1333
0.00549999999999938 0.321501002116186 52191487101.0626
0.00599999999999939 0.345798221681979 56023858017.8972
0.00649999999999941 0.375822887199519 60742015057.9325
0.00699999999999942 0.401963283776688 64851506108.8413
0.00749999999999943 0.431063860117159 69452373234.211
0.00799999999999945 0.458027146405002 73701503539.0603
0.00849999999999946 0.484730203223401 77932730094.7387
0.00899999999999948 0.513154271822776 82416184357.5794
0.00949999999999949 0.538603779777122 86448725717.3319
0.00999999999999951 0.568037323854282 91101970069.9957
0.0104999999999995 0.592644689436403 95011940508.0338
0.0109999999999995 0.621917786550927 99662426264.126
0.0114999999999995 0.646908082047362 103632846366.338
0.0119999999999993 0.675045281574308 108105187499.838
0.0124999999999994 0.701621039368068 112339888719.645
0.0129999999999994 0.72695011002403 116380232582.261
0.0134999999999994 0.757008814494477 121172002376.099
0.0139999999999994 0.78007167135157 124861491947.179
0.0144999999999994 0.809392475672382 129538317752.17
0.0149999999999994 0.835220798140285 133677899678.523
0.0154999999999994 0.86104962280465 137818046548.479
0.0159999999999995 0.890193923638319 142475151693.294
0.0164999999999995 0.914186611797693 146346948106.964
0.0169999999999995 0.942091239002704 150807420289.206
0.0174999999999995 0.969186638487417 155166612205.351
0.0179999999999995 0.993513830309701 159101534331.658
0.0184999999999995 1.02162354293595 163623669644.634
0.0189999999999995 1.04697972077927 167712629155.962
0.0194999999999996 1.07219265171275 171776021674.87
0.0199999999999993 1.10055460436194 176359650860.565
0.0204999999999994 1.1241528845351 180182418496.609
0.0209999999999994 1.15060960462964 184482124794.276
0.0214999999999994 1.17825790133905 188938372262.515
0.0219999999999994 1.20144343314641 192733447321.976
0.0224999999999994 1.22793078487729 197026325126.028
0.0229999999999994 1.25569908379579 201516507166.288
0.0234999999999994 1.27868944058549 205288623080.073
0.0239999999999995 1.30471342331108 209518716672.819
0.0244999999999995 1.33234345302357 214035496151.911
0.0249999999999995 1.35545068241379 217802839418.567
0.0254999999999995 1.38053680033334 221908533121.713
0.0259999999999995 1.40884533605573 226532241504.092
0.0264999999999995 1.43228742448135 230363335730.72
0.0269999999999995 1.45536190552275 234174104320.262
0.0274999999999993 1.48347775159688 238758877278.808
0.0279999999999994 1.5092835550424 243005827647.005
0.0284999999999994 1.53088788234417 246575856303.497
0.0289999999999994 1.5567322057018 250827350565.323
0.0294999999999994 1.58398923241022 255295168721.442
0.0299999999999994 1.60796072595789 259275976874.683
0.0304999999999994 1.63039125149808 262973605079.707
0.0309999999999994 1.65625818519544 267245208996.972
0.0314999999999995 1.68192054278657 271492028085.621
0.0319999999999995 1.70457024976234 275243083086.018
0.0324999999999995 1.72810834795999 279165694428.781
0.0329999999999995 1.75387149413284 283424791506.029
0.0334999999999995 1.7793573719503 287644930330.947
0.0339999999999995 1.80243324861927 291501514530.172
0.0344999999999995 1.82471347867638 295207397623.342
0.0349999999999996 1.849438943006 299343281357.416
0.0354999999999996 1.87472256535826 303544435087.356
0.0359999999999996 1.89798642411624 307442716749.406
0.0364999999999996 1.92019370532224 311138524425.831
0.0369999999999996 1.9436993022079 315081738745.195
0.0374999999999996 1.96814532036234 319179153006.434
0.0379999999999996 1.99202502559722 323194309338.311
0.0384999999999997 2.01543490004732 327113450938.022
0.0389999999999997 2.03787585040996 330906712928.068
0.0394999999999995 2.06102083023848 334781531003.294
0.0399999999999993 2.08478327935035 338784621457.396
0.0404999999999993 2.10905532433749 342877768364.817
0.0409999999999993 2.13215438026476 346771726158.531
0.0414999999999993 2.1547318461185 350580692679.2
0.0419999999999993 2.17740937301647 354432335140.694
0.0424999999999993 2.19891100548441 358084819724.475
0.0429999999999993 2.22214144214904 361997145395.869
0.0434999999999994 2.24531228706108 365943738642.159
0.0439999999999994 2.26827592122223 369845674900.049
0.0444999999999994 2.29088776028356 373692468715.491
0.0449999999999994 2.31339265030918 377508726798.81
0.0454999999999994 2.33558467817589 381299427715.815
0.0459999999999994 2.35838872073085 385197252858.123
0.0464999999999994 2.38088779106921 389026710260.959
0.0469999999999995 2.40288360472026 392790528279.638
0.0474999999999995 2.42514222390045 396600604746.234
0.0479999999999995 2.44717730251612 400362038842.668
0.0484999999999995 2.46921004052004 404146751760.288
0.0489999999999995 2.49112962263961 407917942157.384
0.0494999999999995 2.51318187971661 411700913744.774
0.0499999999999995 2.53557428939266 415552857239.097
0.0504999999999996 2.55707262341382 419272998751.312
0.0509999999999996 2.57849109932977 422959603336.738
0.0514999999999996 2.59976205828654 426633368427.861
0.0519999999999996 2.62112729277398 430322845150.453
0.0524999999999996 2.64280244784005 434068354340.942
0.0529999999999996 2.66397424140909 437745561811.096
0.0534999999999996 2.68485054327988 441368050795.4
0.0539999999999997 2.70668356960028 445150246775.632
0.0544999999999997 2.72829173908798 448894307894.698
0.0549999999999995 2.74991043409471 452662313358.725
0.0554999999999993 2.77177888928066 456452758561.282
0.0559999999999993 2.79308297967475 460158769094.524
0.0564999999999993 2.81449057682676 463892008371.612
0.0569999999999993 2.83480657020206 467446536779.606
0.0574999999999993 2.85542327427504 471050399920.735
0.0579999999999993 2.8759266560058 474640238336.914
0.0584999999999993 2.89667184014739 478265027214.271
0.0589999999999994 2.91706333869977 481861160296.53
0.0594999999999994 2.93758910528491 485465193981.942
0.0599999999999994 2.95772523808212 488995993427.874
0.0604999999999994 2.9787929138295 492708585718.164
0.0609999999999994 2.99822912955919 496135080188.871
0.0614999999999994 3.01892352871565 499784233793.447
0.0619999999999994 3.03986370955611 503485641682.588
0.0624999999999995 3.06004777246449 507048152393.517
0.0629999999999995 3.07959993291083 510509976305.986
0.0634999999999995 3.09972286298847 514080386763.604
0.0639999999999995 3.11906018183285 517506968539.563
0.0644999999999995 3.13870761563513 521019708036.362
0.0649999999999995 3.1584668783582 524511329497.758
0.0654999999999995 3.1780282530159 527989014213.455
0.0659999999999995 3.19777150505155 531510376493.801
0.0664999999999996 3.21736765420954 535012094981.48
0.0669999999999996 3.23728222419947 538553765062.653
0.0674999999999996 3.25653151330768 541997139129.977
0.0679999999999996 3.2761321435212 545505002182.854
0.0684999999999996 3.29612306596244 549062170844.799
0.0689999999999996 3.31625334792874 552685617742.907
0.0694999999999996 3.33553465084825 556131222576.73
0.0699999999999997 3.35514145067572 559651528512.084
0.0704999999999992 3.37449832474034 563148106460.715
0.0709999999999992 3.39367232597485 566584976275.074
0.0714999999999993 3.41271498144085 570028480562.06
0.0719999999999993 3.43105116764253 573345668258.412
0.0724999999999993 3.44976661366443 576718562684.977
0.0729999999999993 3.46765254829745 579973739130.312
0.0734999999999993 3.48601292118806 583290842896.684
0.0739999999999993 3.50458893684643 586676231096.361
0.0744999999999993 3.52303384628069 590019599020.571
0.0749999999999994 3.54210736270924 593488207318.402
0.0754999999999994 3.56080821262818 596871389960.737
0.0759999999999994 3.57921727670192 600237289915.006
0.0764999999999994 3.59730252097267 603540123081.525
0.0769999999999994 3.61464074082694 606715382877.452
0.0774999999999994 3.63315812345999 610095834682.048
0.0779999999999994 3.65159899777385 613460739061.334
0.0784999999999995 3.66985947125492 616807414102.721
0.0789999999999995 3.68747141871727 620030386263.576
0.0794999999999995 3.70571811372762 623386453774.359
0.0799999999999995 3.72403350884308 626737100815.249
0.0804999999999995 3.74171348415971 629994873602.624
0.0809999999999995 3.759793796241 633332903509.655
0.0814999999999995 3.77706380395606 636508959557.16
0.0819999999999996 3.79515351618714 639862394485.414
0.0824999999999996 3.81294833935003 643140919386.131
0.0829999999999996 3.82996039076612 646282314933.471
0.0834999999999996 3.84785984186783 649616281906.639
0.0839999999999996 3.86502556651624 652783291130.952
0.0844999999999996 3.88272301087975 656070420262.23
0.0849999999999996 3.90023050652311 659344234086.596
0.0854999999999994 3.91748329383067 662538031063.236
0.0859999999999992 3.93475337390367 665761452509.685
0.0864999999999992 3.95187288920196 668961025854.104
0.0869999999999993 3.9686427359801 672085011316.717
0.0874999999999993 3.9851613234779 675195608305.348
0.0879999999999993 4.00180400124118 678296584427.141
0.0884999999999993 4.01901854050268 681540569612.135
0.0889999999999993 4.03555291828048 684659646973.692
0.0894999999999993 4.05235698246041 687803493832.153
0.0899999999999993 4.06954252757992 691036698387.296
0.0904999999999994 4.08546522561995 694035919531.405
0.0909999999999994 4.10226037708525 697213928249.086
0.0914999999999994 4.11882093249265 700317573746.528
0.0919999999999994 4.13561226545165 703501573361.891
0.0924999999999994 4.15228081552655 706645578786.171
0.0929999999999994 4.16791600787907 709621512082.331
0.0934999999999994 4.18484733969046 712817565092.17
0.0939999999999995 4.20101579641923 715890125469.388
0.0944999999999995 4.21720718866222 718977799950.578
0.0949999999999995 4.23324756687591 722032142364.331
0.0954999999999995 4.2491623209668 725058956921.427
0.0959999999999995 4.26498204600967 728100243291.918
0.0964999999999995 4.28157042003151 731252654801.506
0.0969999999999995 4.2970862268978 734219497635.169
0.0974999999999996 4.31221425237622 737130634308.478
0.0979999999999996 4.32807717066141 740172536113.205
0.0984999999999996 4.34438923705828 743303084317.439
0.0989999999999996 4.3599217228763 746275114388.569
0.0994999999999996 4.37499534137273 749192746852.753
0.0999999999999996 4.39114613506658 752288296228.627
0.1005 4.40623064471345 755209208167.84
0.100999999999999 4.42090428362101 758061876421.775
0.101499999999999 4.43643457774897 761051047313.404
0.101999999999999 4.45131591639019 763956881149.158
0.102499999999999 4.46652179608285 766903993006.757
0.102999999999999 4.48201508606781 769911103520.179
0.103499999999999 4.49704120557825 772820726135.851
0.103999999999999 4.51188509761883 775732278533.447
0.104499999999999 4.52733329589934 778734106665.804
0.104999999999999 4.54213190249419 781615823568.749
0.105499999999999 4.55722396798401 784549791359.995
0.105999999999999 4.57175067448536 787400279657.779
0.106499999999999 4.58646859192858 790288285315.787
0.106999999999999 4.60134176934827 793213422582.151
0.107499999999999 4.61525790129347 795957928932.729
0.107999999999999 4.63001489608981 798861912291.006
0.108499999999999 4.644396364408 801702555260.326
0.108999999999999 4.65905886576891 804577185365.776
0.109499999999999 4.67277277389097 807305688273.541
0.109999999999999 4.68635011607095 810034425975.804
0.110499999999999 4.69912359407517 812628221118.175
0.111 4.71177302619412 815198279018.123
0.1115 4.72399763498691 817720151342.672
0.112 4.73463611613185 819930396680.589
0.1125 4.7476839398109 822586128740.652
0.113 4.75861683182778 824864424521.647
0.1135 4.76898523358433 827061815463.56
0.114 4.77846817564362 829169114870.65
0.1145 4.78748579891012 831146753473.344
0.115 4.79814086882794 833398573394.795
0.1155 4.80375489372569 834849709825.066
0.115999999999999 4.81251895605614 836768002531.138
0.116499999999999 4.81638725291024 837943911849.621
0.116999999999999 4.81833859322541 838801033462.634
0.117499999999999 4.81994271021348 839597428825.378
0.117999999999999 4.81829350934551 839839206501.673
0.118499999999999 4.8173828639149 840267518373.233
0.118999999999999 4.81394044305924 840138240815.085
0.119499999999999 4.80938880090692 839943736117.847
0.119999999999999 4.80361524992414 839542996845.61
0.120499999999999 4.79662942858681 838924952154.448
0.120999999999999 4.79047840960348 838471980273.605
0.121499999999999 4.7762438463374 836706543964.516
0.121999999999999 4.76145438453922 834934215193.558
0.122499999999999 4.74281917886835 832598934855.381
0.122999999999999 4.72688936153299 830522366622.919
0.123499999999999 4.69944177304815 826665269258.536
0.123999999999999 4.66503590064676 821794266673.247
0.124499999999999 4.63090165371903 816966885366.24
0.124999999999999 4.5879243288437 810568149727.729
0.125499999999999 4.54256822978288 803888623467.707
0.125999999999999 4.49399618465375 796661211501.495
0.1265 4.44148343302865 788703016867.482
0.127 4.39584162159922 782050412834.43
0.1275 4.33992494853819 773939479870.796
0.128 4.27807507392397 764502002455.582
0.1285 4.21081296145848 754268358061.663
0.129 4.13674296763186 742767503935.769
0.1295 4.06693741217276 732232576208.409
0.13 3.9900617795715 720304983221.22
0.1305 3.90407617408703 706924720460.373
0.131 3.83169006153483 695893562180.645
0.131499999999999 3.7486703049553 683034975167.149
0.131999999999999 3.64978888049001 667579487185.995
0.132499999999999 3.54703139929155 651694104371.883
0.132999999999999 3.45035169444138 636546368568.194
0.133499999999999 3.35371318429431 621296631242.094
0.133999999999999 3.23778327709141 603101648499.167
0.134499999999999 3.12283861484475 584886293192.22
0.134999999999999 3.00648713198399 566408233558.993
0.135499999999999 2.87667025162174 545522683957.875
0.135999999999999 2.73932504010881 523576766420.41
0.136499999999999 2.60300711010657 501522653963.437
0.136999999999999 2.44117547681892 474992652057.512
0.137499999999999 2.28116500056317 448603842244.63
0.137999999999999 2.1297858377282 423985029141.912
0.138499999999999 1.95905041470763 395272656440.533
0.138999999999999 1.79972113105619 368225150190.828
0.139499999999999 1.63422074013752 340514441754.191
0.139999999999999 1.4529752997227 309783252488.395
0.140499999999999 1.28239727306355 280668398070.211
0.140999999999999 1.11404755228769 251266907731.052
0.141499999999999 0.954327918702726 223012899773.078
0.141999999999999 0.79115785128596 194447327822.664
0.1425 0.668158451408984 172516063915.877
0.143 0.544348175454304 151523368404.135
0.1435 0.433300366359326 131560977796.119
0.144 0.348910385023777 116291564134.262
0.1445 0.247362077528138 98062950324.9618
0.145 0.179146840289263 85616949173.5966
0.1455 0.136038110457479 77688222490.1495
0.146 0.10776121266795 72529814757.0545
0.146499999999999 0.0728556302835506 66546845192.8684
0.146999999999999 0.0314826324075712 58493742550.1821
0.147499999999999 -0.00925286647213154 51139228693.8995
0.147999999999999 -0.0253873566997738 48382593962.1282
0.148499999999999 -0.0440542123149969 44407626351.4928
0.148999999999999 -0.051293973605216 42759278999.4166
0.149499999999999 -0.0625504248338791 40849411127.7448
0.149999999999999 -0.0710317243274241 38689471406.8537
0.150499999999999 -0.0760929528788346 37173933070.0432
0.150999999999999 -0.0708929714804929 37760239116.0062
0.151499999999999 -0.078542080113789 36313345844.4013
0.151999999999999 -0.0906823681193577 33594260328.4524
0.152499999999999 -0.102373543857018 31502669645.344
0.152999999999999 -0.110652060231195 29834475415.2467
0.153499999999999 -0.124584921808161 26947687388.9921
0.153999999999999 -0.137791828468426 24211964437.2512
0.154499999999999 -0.132525996956948 25142717904.746
0.154999999999999 -0.105503772644676 29381345720.5202
0.155499999999999 -0.0954574113912801 30979254258.3918
0.155999999999999 -0.0759532722675466 34085968950.1894
0.156499999999999 -0.0620630997535178 36502901304.9136
0.156999999999999 -0.0650070296566027 35852692784.111
0.1575 -0.0706738208798838 34493974152.8849
0.158 -0.0986681583066416 29500402807.1037
0.1585 -0.0923174088106353 30222693487.4072
0.159 -0.073938456280276 32964390790.8692
0.1595 -0.0824809481665136 31512433428.7809
0.16 -0.0797486620208752 31691569935.1842
0.1605 -0.0693977403448457 33547834745.9269
0.161 -0.0681583819777123 33619162362.8614
0.1615 -0.0747122047874579 32536721292.1789
0.161999999999999 -0.0657111737806918 33699005501.5633
0.162499999999999 -0.0328075581210127 39497518014.3593
0.162999999999999 -0.0373941845909619 38850982873.0301
0.163499999999999 -0.018964512822811 41926862735.9274
0.163999999999999 0.0093012884454137 46965752467.7781
0.164499999999999 0.0218939822453413 49196842438.7126
0.164999999999999 0.0188502911974002 48709888104.2079
0.165499999999999 0.0174134332042559 48825657739.0482
0.165999999999999 0.00805315777298741 46610756931.4578
0.166499999999999 0.0168949427282651 48399014727.7715
0.166999999999999 0.0269099843456926 50049989862.8246
0.167499999999999 0.0133143931481256 47625379354.3088
0.167999999999999 0.000237584606173656 45273680273.7953
0.168499999999999 -0.00955034974559016 43414659269.8079
0.168999999999999 0.00229382208944898 45156469351.2003
0.169499999999999 0.00238853797489416 45401923631.2141
0.169999999999999 0.0116253996759722 46803567626.9524
0.170499999999999 0.00218906932088524 44996091805.1522
0.170999999999999 0.0115808403023195 46915896376.5512
0.171499999999999 -0.00373327712632729 44213279326.1537
0.171999999999999 -0.0119828099813502 42958442408.6192
0.172499999999999 -0.0067387493018908 43823026319.2132
0.172999999999999 0.00846907953609064 46123807712.8586
0.1735 0.0130991172736733 47198349626.6086
0.174 0.0261256640764674 49251633574.362
0.1745 0.0362775232684715 51175582161.1052
0.175 0.0453013126746827 52840471593.9941
0.1755 0.051149615324705 53844257694.534
0.176 0.0425762269448421 52506391010.4434
0.1765 0.0371330544462176 51334798801.2553
0.176999999999999 0.0393781817205494 51807983131.8717
0.177499999999999 0.0374870037523727 51524674557.1945
0.177999999999999 0.0407943141885998 51925384097.7321
0.178499999999999 0.0335639105285538 50718075061.6585
0.178999999999999 0.0300741704407426 49984483531.7512
0.179499999999999 0.0247861393258036 48890818758.6691
0.179999999999999 0.0250440989020772 48823044547.4973
0.180499999999999 0.0225254444342742 48038227358.1725
0.180999999999999 0.0360200265501696 50641061732.2209
0.181499999999999 0.0408146598301321 51489079248.3948
0.181999999999999 0.0530153744724155 53713060400.8838
0.182499999999999 0.0574843173753622 54488239249.5353
0.182999999999999 0.0615277894473917 54961002527.48
0.183499999999999 0.0562126270852562 54113891376.4161
0.183999999999999 0.064840422434585 55551916896.668
0.184499999999999 0.056517141853382 53983748582.0541
0.184999999999999 0.0636222817319546 55262913566.7707
0.185499999999999 0.0617546861062688 55000936582.0826
0.185999999999999 0.0678487639946839 55942520238.4013
0.186499999999999 0.0701830807832666 56453240461.005
0.186999999999999 0.0933083506801131 60494079357.068
0.187499999999999 0.088328907784523 59413212250.0451
0.187999999999999 0.0842141552478758 58548088018.3208
0.1885 0.0660880380633626 55309915648.8879
0.189 0.0725880800313804 56406644673.819
0.1895 0.0779763196141372 57526640043.454
0.19 0.0893111241449748 59443588073.7522
0.1905 0.0749423163558905 56939836695.7595
0.191 0.0696611145176924 56025611705.3991
0.1915 0.0706102054991138 56151296055.0956
0.192 0.0687456477415656 55797932054.2791
0.192499999999999 0.0676510084726605 55193924341.3267
0.192999999999999 0.0721736887314625 56421779566.1661
0.193499999999999 0.076195657311625 57014200328.7587
0.193999999999999 0.0919180376995614 60106303673.5721
0.194499999999999 0.0886115620558119 59681757851.3028
0.194999999999999 0.103144738535427 61973486633.7168
0.195499999999999 0.0939642053256131 60221272053.0118
0.195999999999999 0.110406222954153 63011420126.4319
0.196499999999999 0.0891055415362623 59500037601.1267
0.196999999999999 0.0927809686387644 59738291348.1255
0.197499999999999 0.0932133475243282 60184464319.1046
0.197999999999999 0.0864871344138549 58924431479.6182
0.198499999999999 0.0865892868231059 58989106336.4646
0.198999999999999 0.0903557194741636 59528556456.0473
0.199499999999999 0.092567240533201 59866895844.2977
0.199999999999999 0.103365222020744 61565049921.7683
0.200499999999999 0.0909813382229406 59637552637.4065
0.200999999999999 0.0912284016717303 59536916554.0147
0.201499999999999 0.0840554701939973 58090079575.9567
0.201999999999999 0.0830722133120595 57933899142.8866
0.202499999999999 0.0834787178416083 58014198310.2099
0.202999999999999 0.085614084967709 58396720847.7248
0.203499999999999 0.0952051938972986 60052067540.7062
0.203999999999999 0.100935767214779 61222159109.8263
0.2045 0.0995523541649594 61212162170.4321
0.205 0.090572430182165 59426160654.4121
0.2055 0.0867679592387899 58709281699.2434
0.206 0.0916447886054099 59717064365.4881
0.2065 0.0831241141797802 57537522140.9532
0.207 0.0903015909725533 59224760595.4053
0.207499999999999 0.0904932227717205 59313857403.8393
0.207999999999999 0.106010275284029 61955371439.2011
0.208499999999999 0.0947969453010179 59860245253.1134
0.208999999999999 0.0938510577172924 59681153895.9284
0.209499999999999 0.112063244385095 63013854120.6693
0.209999999999999 0.115485266510754 63545728501.501
0.210499999999999 0.106218144142016 62043168557.6115
0.210999999999999 0.0985382175241082 60414421983.7539
0.211499999999999 0.0975776061155311 60416401157.9732
0.211999999999999 0.0945544733691103 59603697650.6604
0.212499999999999 0.100362238151508 60847653606.4619
0.212999999999999 0.101281315763722 61034417080.8794
0.213499999999999 0.0863911908093995 57976183911.6966
0.213999999999999 0.101546474247018 60826692992.5782
0.214499999999999 0.113055026296189 62919386469.6378
0.214999999999999 0.12015866492955 64518846217.6463
0.215499999999999 0.117831178229903 63980989312.0881
0.215999999999999 0.113420196829181 63028050366.8098
0.216499999999999 0.119538142289905 63927291337.3107
0.216999999999999 0.112396392435877 62830763980.1099
0.217499999999999 0.119182762187285 63773410590.2419
0.217999999999999 0.119951051325988 64075531748.5075
0.218499999999999 0.116793892497638 63488767979.0586
0.218999999999999 0.117753475488529 63642203828.7099
0.2195 0.113146245344598 62880735760.894
0.22 0.127277647492666 65501659235.678
0.2205 0.119221108858171 64204564409.2021
0.221 0.126739302285208 65152901384.0863
0.2215 0.127502032620714 65471357125.7239
0.222 0.120702495215695 64194471039.8397
0.2225 0.122333899257067 64752957502.8631
0.222999999999999 0.109344468847142 61999666373.6657
0.223499999999999 0.123408009859044 64586292525.9229
0.223999999999999 0.124272438424398 64740986656.8386
0.224499999999999 0.122059330336585 64755395613.6096
0.224999999999999 0.115425975763273 63017626550.808
0.225499999999999 0.113742172297799 62770607101.1079
0.225999999999999 0.11672484919116 63410339276.7073
0.226499999999999 0.11269800149303 62580677429.9367
0.226999999999999 0.124052194856104 64898603712.9615
0.227499999999999 0.123799939979644 64702277258.73
0.227999999999999 0.12791709818008 65484047008.3964
0.228499999999999 0.125289377395391 65512272306.6797
0.228999999999999 0.127084855534201 65641218013.693
0.229499999999999 0.130085089239715 65833366185.3795
0.229999999999999 0.123680572959485 64785252810.2803
0.230499999999999 0.124313627275048 64732028161.6121
0.230999999999999 0.120498353600199 64123900975.2734
0.231499999999999 0.122492809837958 64790837331.582
0.231999999999999 0.130789400548842 66098026596.618
0.232499999999999 0.13449840411848 67111709897.2156
0.232999999999999 0.133633559440274 66714178995.4221
0.233499999999999 0.124961118133524 65078808016.6219
0.233999999999999 0.141345999917286 68160392387.4784
0.234499999999999 0.12937455847734 65933533498.1771
0.234999999999999 0.12529672926164 65042430163.9498
0.235499999999999 0.140984010020221 68220219042.056
0.236 0.136675251104874 67095902673.5564
0.2365 0.137861263929587 67260891778.2
0.236999999999999 0.124459384691682 65141271015.8175
0.237499999999999 0.130676885495292 66341392056.3796
0.237999999999999 0.127104714972187 65740492604.0895
0.238499999999999 0.119125918607832 64021071512.9866
0.238999999999999 0.125901731561951 65139279122.9236
0.239499999999999 0.116608533277426 63269318188.2792
0.239999999999999 0.121696613908582 64293293502.1807
0.240499999999999 0.124682911407308 65052414412.1151
0.240999999999999 0.131809890195746 66329563389.7018
0.241499999999999 0.135505653066268 66546498683.6081
0.241999999999999 0.114043591042608 62963308346.536
0.242499999999999 0.125100045455563 64981739483.659
0.242999999999999 0.123301830180712 64962916465.8551
0.243499999999999 0.125085092580521 65315489377.9643
0.243999999999999 0.136985366939632 67236935042.7501
0.244499999999999 0.126455933714095 65199716280.2583
0.244999999999999 0.124128157676465 64661226205.3337
0.245499999999999 0.136323105828991 67107837395.1049
0.245999999999999 0.126996701865826 65223785754.9572
0.246499999999999 0.122044754420844 64274947709.7996
0.246999999999999 0.119144729069913 63727478449.8862
0.247499999999999 0.119771843016987 63786047228.6461
0.247999999999999 0.126390844932947 64930158359.6811
0.248499999999999 0.134988279218079 66915240024.8955
0.248999999999999 0.129988400228405 65779179883.0162
0.249499999999999 0.153473592813758 70123957303.1877
0.249999999999999 0.128665434467659 65234089544.5061
