# Fix print output for fix def1
-3.34806288850275e-16 0.00864932867451505 3307379406.1771
0.000499999999999606 0.0373455856093737 7752270951.96082
0.00099999999999977 0.0662400497240996 12247930323.3098
0.00149999999999971 0.0957262795005732 16848868880.9323
0.00199999999999965 0.123614670107177 21185763771.9215
0.00249999999999959 0.152935576236062 25756398003.4997
0.00299999999999976 0.181133402921493 30179209629.7959
0.0034999999999997 0.209164530973514 34552197661.4848
0.00399999999999964 0.237384716643728 38981888665.9398
0.00449999999999958 0.265825477331546 43428304937.0556
0.00499999999999974 0.292928225140416 47679233764.5629
0.00549999999999968 0.320806059889807 52067279364.5475
0.00599999999999962 0.348195049632784 56362079940.4074
0.00649999999999956 0.375310572026117 60632497081.0046
0.00699999999999973 0.403050933760696 64997295622.2289
0.00749999999999967 0.430170240745089 69274840874.4343
0.00799999999999961 0.458706737250201 73769967585.2136
0.00849999999999977 0.485110003744511 77951828398.875
0.00899999999999971 0.513463312577821 82427514078.8359
0.00949999999999965 0.539700671342146 86583387918.1441
0.00999999999999959 0.567851677703181 91042303651.8807
0.0104999999999998 0.59457368835823 95275045037.2378
0.0109999999999997 0.622658474956301 99734120996.9005
0.0114999999999996 0.649529031933985 104013490765.861
0.0119999999999996 0.676970347531255 108368566207.064
0.0124999999999997 0.704433031943536 112718361986.17
0.0129999999999997 0.731124960198937 116999236309.082
0.0134999999999996 0.75928573064851 121486190705.822
0.0139999999999996 0.785137652471089 125617458449.401
0.0144999999999997 0.812609012125337 129999935800.789
0.0149999999999997 0.839536141931562 134318957695.168
0.0154999999999996 0.865578953016522 138489125780.284
0.0159999999999998 0.892740535277282 142835309200.368
0.0164999999999997 0.918704405542385 147012162134.667
0.0169999999999997 0.945329843846669 151298632357.614
0.0174999999999996 0.971881178464193 155572756497.158
0.0179999999999998 0.997328456878156 159652702891.833
0.0184999999999997 1.0246949846272 164062977767.788
0.0189999999999996 1.05089923052515 168294823623.675
0.0194999999999996 1.07674643957884 172470097753.939
0.0199999999999997 1.10370863783894 176813093631.859
0.0204999999999997 1.12987260882632 181057653351.684
0.0209999999999996 1.15586377350145 185260857962.321
0.0214999999999996 1.18178673093917 189468243268.168
0.0219999999999997 1.20737977913527 193625615209.292
0.0224999999999997 1.23383679564392 197915875684.458
0.0229999999999996 1.25975545783192 202141852752.798
0.0234999999999996 1.28490060921861 206224730210.951
0.0239999999999997 1.31137362656021 210549179900.401
0.0244999999999997 1.336685604233 214668519137.018
0.0249999999999996 1.36144197286086 218702039143.686
0.0254999999999998 1.38760015164683 222977663491.269
0.0259999999999997 1.41346622784165 227227517709.965
0.0264999999999996 1.4383131237115 231281684542.651
0.0269999999999996 1.46407811982889 235492533962.353
0.0274999999999998 1.48922130347696 239635682139.371
0.0279999999999997 1.51350073497269 243630682498.693
0.0284999999999996 1.53863385251398 247763099885.07
0.0289999999999996 1.56417419594663 251968190979.826
0.0294999999999997 1.58914926405456 256085722375.284
0.0299999999999997 1.61382373822273 260149481799.887
0.0304999999999996 1.63830690849311 264190020609.182
0.0309999999999998 1.66336091688128 268327100427.442
0.0314999999999995 1.68782102293106 272380685535.435
0.0319999999999997 1.7114715966805 276312981589.619
0.0324999999999998 1.73586625006061 280352576093.907
0.0329999999999995 1.7610395710071 284512467113.512
0.0334999999999997 1.78570772815332 288618030314.761
0.0339999999999999 1.80895816724863 292486843382.493
0.0344999999999996 1.83305039175518 296506766435.039
0.0349999999999998 1.85768470172273 300601446910.923
0.0354999999999995 1.88174198522661 304625068616.806
0.0359999999999996 1.90482154325421 308479423803.235
0.0364999999999998 1.92852584747119 312444524679.146
0.0369999999999995 1.95255296206832 316473788243.35
0.0374999999999997 1.97686706853799 320538876113.056
0.0379999999999998 2.00072677307999 324536486545.626
0.0384999999999996 2.02361635011589 328377582799.414
0.0389999999999997 2.04673775599977 332261948463.982
0.0394999999999997 2.07055267917365 336284854223.96
0.0399999999999996 2.09478835249261 340355496264.217
0.0404999999999998 2.11832818581397 344314808657.095
0.0409999999999995 2.14100665199775 348142449346.528
0.0414999999999997 2.16394249530607 352018883702.419
0.0419999999999998 2.18641723621192 355830831204.979
0.0424999999999995 2.20916744317038 359686081819.338
0.0429999999999997 2.23218417036212 363587039062.535
0.0434999999999999 2.25536606630039 367529647502.76
0.0439999999999996 2.27844799286061 371449949023.697
0.0444999999999997 2.30101890513663 375266892055.406
0.0449999999999995 2.32350344508451 379101656804.73
0.0454999999999996 2.34634109605261 382999919003.881
0.0459999999999998 2.368860162896 386830708132.015
0.0464999999999995 2.39127303168239 390660670115.505
0.0469999999999997 2.41353311352045 394458030000.166
0.0474999999999998 2.4355849794593 398242353847.705
0.0479999999999995 2.45814550457166 402105069497.822
0.0484999999999997 2.48030766944565 405900224112.569
0.0489999999999997 2.50226391668513 409668404091.748
0.0494999999999996 2.52439564649689 413463123030.733
0.0499999999999998 2.5464524736708 417265749700.058
0.0504999999999995 2.56886718739123 421130763816.376
0.0509999999999996 2.5907159596957 424890384620.363
0.0514999999999998 2.61233446599414 428624356847.746
0.0519999999999995 2.63373341526129 432326281503.583
0.0524999999999997 2.65528921066103 436052736467.974
0.0529999999999999 2.67685084969834 439791196956.415
0.0534999999999996 2.69775293898383 443418100573.761
0.0539999999999997 2.71914402510984 447121356017.087
0.0544999999999997 2.74076177582189 450871109977.411
0.0549999999999996 2.76251151328047 454658986465.662
0.0554999999999998 2.78341364505416 458294044660.551
0.0559999999999995 2.8050876033482 462067842024.133
0.0564999999999997 2.82632063210307 465778759910.743
0.0569999999999998 2.84748632811734 469466332333.475
0.0574999999999995 2.86810895467422 473068912773.1
0.0579999999999997 2.88921201944222 476747096989.199
0.0584999999999999 2.90999284871999 480397674475.686
0.0589999999999996 2.93049870761409 484007675064.803
0.0594999999999997 2.95114668520196 487619973824.381
0.0599999999999995 2.9714452654364 491195999227.372
0.0604999999999996 2.99241789658562 494874509586.978
0.0609999999999998 3.01257616943435 498432837544.782
0.0614999999999995 3.03261086028339 501968081987.738
0.0619999999999997 3.05314481419893 505600599473.222
0.0624999999999998 3.07365139868788 509227221759.117
0.0629999999999996 3.09381259726501 512781844246.43
0.0634999999999997 3.11414628042655 516382222625.274
0.0639999999999997 3.13408900461814 519929576232.988
0.0644999999999996 3.15379711339996 523422733988.126
0.0649999999999998 3.17372296181202 526959628380.118
0.0654999999999995 3.19354802688535 530485063177.772
0.0659999999999996 3.21285386111579 533933814812.22
0.0664999999999998 3.23285183980511 537490313535.275
0.0669999999999995 3.25254210739311 541005734942.998
0.0674999999999997 3.27250546082435 544576408597.655
0.0679999999999999 3.29241145849304 548121730537.383
0.0684999999999996 3.31230920635321 551683565296.631
0.0689999999999997 3.33217047311165 555233663282.562
0.0694999999999995 3.35189821094767 558786407873.852
0.0699999999999996 3.3709090513858 562201764995.227
0.0704999999999998 3.39027012315468 565681116950.933
0.0709999999999995 3.40921026321283 569100719454.886
0.0714999999999997 3.42780604837248 572448716502.836
0.0719999999999998 3.44647116366615 575827458640.614
0.0724999999999996 3.46511522372277 579205127917.568
0.0729999999999997 3.48342070862718 582521578806.973
0.0734999999999996 3.50285593449142 586028664669.416
0.0739999999999996 3.52213294801236 589528400941.129
0.0744999999999998 3.54093859489066 592934684844.513
0.0749999999999995 3.55957832351955 596328154421.479
0.0754999999999996 3.57803048686903 599684170145.842
0.0759999999999998 3.59608783662153 602980111241.919
0.0764999999999995 3.61447499230785 606324425608.247
0.0769999999999997 3.63245474563668 609612020024.403
0.0774999999999998 3.6509431154282 612991898836.325
0.0779999999999996 3.66954304365683 616379458892.646
0.0784999999999997 3.6879738361783 619754157195.228
0.0789999999999997 3.70620986747129 623107505713.087
0.0794999999999996 3.7237938547776 626326082833.888
0.0799999999999998 3.74173700045836 629638075401.361
0.0804999999999995 3.76020459160805 633015304542.408
0.0809999999999997 3.77839765511214 636373285041.993
0.0814999999999998 3.79645824555845 639685126826.224
0.0819999999999995 3.81395331118071 642931156700.509
0.0824999999999997 3.83148938087923 646184496742.819
0.0829999999999996 3.84872875118199 649381149530.238
0.0834999999999996 3.86692339349841 652733045586.705
0.0839999999999997 3.88480574658176 656046419774.227
0.0844999999999997 3.90205276466757 659246496965.002
0.0849999999999996 3.91902906069943 662413857909.273
0.0854999999999998 3.93632846245094 665639477348.337
0.0859999999999995 3.95383272849605 668894926676.223
0.0864999999999997 3.97145418956821 672169064558.834
0.0869999999999998 3.98794759608537 675258777835.463
0.0874999999999996 4.00496848829937 678443381302.222
0.0879999999999997 4.02181200550712 681602246465.626
0.0884999999999997 4.03934867151741 684885690427.816
0.0889999999999996 4.0559829221619 688002805101.944
0.0894999999999998 4.07261307652509 691147258088.798
0.0899999999999995 4.09002463915145 694406618593.699
0.0904999999999996 4.10654981536272 697511603481.597
0.0909999999999998 4.12310148356172 700644738831.394
0.0914999999999995 4.13983828745882 703791163086.53
0.0919999999999997 4.15676665000698 706992821854.444
0.0924999999999996 4.17305419247804 710084078537.74
0.0929999999999996 4.18903866427239 713104937439.049
0.0934999999999997 4.20575623804846 716282719440.883
0.0939999999999997 4.22245381487846 719437882197.821
0.0944999999999996 4.23816218757723 722442731965.546
0.0949999999999998 4.25429192312498 725512719535.061
0.0954999999999995 4.27094011053654 728671607780.555
0.0959999999999997 4.28696007894572 731731476963.862
0.0964999999999998 4.30199030594249 734634114776.525
0.0969999999999995 4.31828362997226 737736919139.989
0.0974999999999997 4.33463079825663 740868772209.373
0.0979999999999996 4.34948477764635 743720010120.088
0.0984999999999996 4.3657898621919 746839601475.149
0.0989999999999998 4.38202974212502 749953386865.849
0.0994999999999995 4.39714650038745 752895876119.069
0.0999999999999996 4.41295255932205 755925614398.731
0.1005 4.42907615929054 759014124676.846
0.101 4.44375688308538 761860855525.621
0.1015 4.45927830891406 764870131369.274
0.102 4.47437018197825 767811864445.264
0.1025 4.48950195099201 770745224092.167
0.103 4.5054633339859 773828502472.119
0.1035 4.52021515308545 776702796010.439
0.104 4.53519363420523 779621674494.379
0.1045 4.55042549000355 782592290114.815
0.104999999999999 4.56545370897845 785522981536.937
0.1055 4.58087034308606 788524986917.611
0.106 4.59562318229489 791412874118.596
0.1065 4.61029988311404 794293809566.229
0.107 4.62505685570061 797186964223.615
0.1075 4.63932846806845 800000861532.668
0.108 4.65439683242423 802961101952.101
0.1085 4.66871356112088 805788443282.876
0.108999999999999 4.68319992696406 808644737514.501
0.1095 4.69782178774109 811518533904.368
0.11 4.71196601474577 814320400586.706
0.1105 4.72640385170398 817181138206.137
0.111 4.74080338953353 820032730566.668
0.1115 4.75484458461729 822825772437.764
0.112 4.76907756614994 825651339849.006
0.1125 4.78314947012095 828454617296.228
0.113 4.79740472393189 831288120966.952
0.1135 4.81108456432285 834023202293.737
0.114 4.82560914297422 836919174254.808
0.114499999999999 4.8391704784504 839635933252.968
0.115 4.853424147404 842485462313.972
0.1155 4.86704566322161 845217078103.416
0.116 4.8810813077822 848031295718.464
0.1165 4.89467616598642 850768253362.567
0.117 4.90809988519715 853477966667.687
0.1175 4.92167841412124 856210506273.918
0.118 4.93480922150939 858870570415.877
0.118499999999999 4.9482284027389 861582405385.507
0.119 4.96174729551333 864317082151.752
0.1195 4.97481015637013 866967248161.209
0.119999999999999 4.9883261175174 869709924808.292
0.1205 5.0014800052617 872388162812.054
0.121 5.01433322472067 875011574169.751
0.1215 5.0275490128527 877696720366.382
0.122 5.04072684966134 880385011131.19
0.1225 5.05355798534432 883010090951.046
0.123 5.06665750767059 885704643605.304
0.1235 5.07984322802129 888393091395.073
0.123999999999999 5.09270545828143 891026814004.958
0.1245 5.10541205241261 893644158929.81
0.125 5.11809145973876 896260933569.251
0.1255 5.13068692927611 898856427491.235
0.126 5.14305740596175 901420406014.152
0.1265 5.1559992861341 904083532505.676
0.127 5.16832535302597 906641818555.041
0.1275 5.18046257628292 909169966614.14
0.128 5.19291214335548 911754245237.356
0.1285 5.20538904497288 914345142750.409
0.129 5.21777930263264 916924451661.752
0.129499999999999 5.22973088897486 919419847628.898
0.13 5.24172189376373 921928417679.664
0.1305 5.25372180108564 924447024931.777
0.131 5.26577407125972 926974237235.399
0.1315 5.27742978583255 929431569915.049
0.132 5.2900023898581 932047970897.003
0.1325 5.30139586738029 934467936748.735
0.133 5.31299379844036 936913308965.629
0.1335 5.3251097494681 939455154060.978
0.134 5.33654471113243 941883234228.146
0.1345 5.34835848150171 944375853911.56
0.135 5.36004726426987 946851236754.131
0.1355 5.37152353014694 949298469792.026
0.136 5.38288451569945 951717682287.28
0.1365 5.39429812852143 954143919658.8
0.137 5.40560858925899 956551787438.322
0.1375 5.41708838405727 959015962276.228
0.138 5.4281263012137 961395377595.086
0.1385 5.43914427573443 963749368926.681
0.138999999999999 5.45045305324522 966175953647.946
0.1395 5.46120543548535 968500324682.492
0.14 5.47195020462706 970822731122.506
0.1405 5.48338061986069 973275889280.876
0.141 5.49420880592937 975619357925.308
0.1415 5.50482036477942 977921874723.519
0.142 5.51590606314211 980317875675.935
0.1425 5.52640649480491 982612357431.937
0.143 5.53688506798911 984897338317.215
0.1435 5.54758411913716 987226542060.617
0.144 5.55851827762882 989589441669.013
0.144499999999999 5.56829157285982 991775956938.118
0.145 5.5788603277021 994076940601.884
0.1455 5.58973290370427 996443939175.874
0.146 5.5996286480106 998639639655.994
0.1465 5.60997892568491 1000931778964.27
0.147 5.62013431153323 1003162287047.52
0.1475 5.63071178634975 1005494047232.96
0.148 5.6408001840409 1007724580432.49
0.148499999999999 5.65008425373745 1009809116387.79
0.149 5.66023097523732 1012055780335.02
0.1495 5.66980548330566 1014213388069.04
0.149999999999999 5.67899964488483 1016286353095.62
0.1505 5.68950212437732 1018615064242.93
0.151 5.69924355847467 1020806839705.22
0.1515 5.70873154493497 1022927321385.45
0.152 5.71846704038872 1025119066966.69
0.1525 5.72778955773511 1027224598037.47
0.153 5.73720057479898 1029359128218.08
0.1535 5.74669044557296 1031505568906.77
0.153999999999999 5.75596802778611 1033622109640.27
0.1545 5.76442139374278 1035575179318.02
0.155 5.77403655131909 1037744806949.88
0.1555 5.7836890597107 1039919845729.56
0.156 5.79297953215809 1042048660289.15
0.1565 5.80156359831645 1044027382754.05
0.157 5.8104595194735 1046082224112.46
0.1575 5.81930365999098 1048126272638.96
0.158 5.82803798480502 1050133317732.82
0.1585 5.83688639987778 1052193394891.48
0.159 5.8450093875311 1054090575956.24
0.1595 5.85355603634032 1056094061113.33
0.16 5.86208917207193 1058083632452.2
0.1605 5.87048802129986 1060049968261.55
0.161 5.87913265282678 1062078162366.39
0.1615 5.88705716706592 1063951352058.43
0.162 5.89595625403454 1066022756436.65
0.1625 5.90351791311594 1067832886742.52
0.163 5.91126968550702 1069699787010.35
0.1635 5.91988908109871 1071701452644.72
0.164 5.92744666353875 1073540668748.19
0.1645 5.93584373633189 1075522617718.2
0.165 5.94349458601953 1077355262241.46
0.1655 5.9514477157424 1079254637564.41
0.166 5.95889563163858 1081073657358.82
0.1665 5.96628094485082 1082867074071.86
0.167 5.9734726437886 1084626787560.81
0.1675 5.98099519125205 1086463127441.47
0.168 5.98792408707398 1088182951700.7
0.1685 5.9953161001501 1089988205544.22
0.168999999999999 6.00284138696754 1091820482109.1
0.1695 6.00978260832999 1093547707779.63
0.17 6.01671456215603 1095277393811.11
0.1705 6.02290743773773 1096877428589.41
0.171 6.02817153484963 1098370784328.96
0.1715 6.03090744796624 1099430591935.17
0.172 6.03372320381046 1100499316916.11
0.1725 6.03522510470865 1101418682465.02
0.173 6.03391653766271 1101878767514.04
0.1735 6.02533053623434 1101115060855.2
0.174 6.01257746764179 1099593101577.83
0.174499999999999 5.99756489223378 1097863218627.05
0.175 5.97448523256513 1094781448584.81
0.1755 5.94840481587151 1091257820568.61
0.176 5.91579054708527 1086767400785.67
0.1765 5.87105979204875 1080298930118.1
0.177 5.81252805156755 1071412466334.58
0.1775 5.76269630366737 1064254334119.22
0.178 5.69094699216853 1053459459677.98
0.178499999999999 5.61640522064197 1042236891390.39
0.179 5.53330782875771 1029630809892.86
0.1795 5.44338735369255 1015834073420.84
0.18 5.35246891897836 1002127343256.19
0.1805 5.25037702708672 986397479214.375
0.181 5.13669198558434 968930613139.603
0.1815 5.01436671572066 950242406743.512
0.182 4.87704800976029 928743417463.747
0.1825 4.74486998155517 908470440783.295
0.183 4.59439801781369 885274090267.089
0.1835 4.43256017490885 860082796656.995
0.183999999999999 4.28655847918573 837312354920.551
0.1845 4.11074971792317 809722015539.427
0.185 3.92290389825065 780502268510.068
0.1855 3.75087164759209 753707323564.308
0.186 3.55580251387397 722959294711.831
0.1865 3.34486733264417 689389623675.947
0.187 3.15628906822966 659559502250.057
0.1875 2.96219939402151 629161377794.57
0.187999999999999 2.75776649965832 596727420857.288
0.1885 2.55714358498258 565072762612.664
0.189 2.35698981016004 533252268054.481
0.1895 2.15841275473986 502004995207.024
0.19 1.95255667855775 469036590971.865
0.1905 1.75681454700054 438304908513.32
0.191 1.55341499866024 405825874110.577
0.1915 1.34251949534283 371538633834.386
0.192 1.13389149110221 336876676667.098
0.1925 0.899609987739295 297345525302.261
0.193 0.685065545437796 260719827868.397
0.1935 0.454102945314601 220693120046.291
0.194 0.236807327865755 182608170181.563
0.1945 0.0281069403905585 145306378809.233
0.195 -0.159740848760729 111631208688.852
0.1955 -0.306974243879453 84888635462.7796
0.196 -0.45239906308004 57884563325.6306
0.1965 -0.573097486096351 35241382871.2327
0.197 -0.658856592455129 18739535137.5162
0.1975 -0.724439512972107 5572689736.44462
0.198 -0.799714595566251 -9626928377.31977
0.1985 -0.833356850200714 -17203857403.0554
0.198999999999999 -0.849127487012448 -21249595234.2622
0.1995 -0.879754252926158 -28785412225.4007
0.2 -0.925287695891359 -38907409478.9667
0.2005 -0.941412632345666 -43432275147.5161
0.201 -0.923834923524879 -41935324033.5323
0.2015 -0.905721920201709 -40337024220.3958
0.202 -0.841391878955893 -29275208720.4174
0.2025 -0.808281761227351 -24039225151.9857
0.203 -0.772752510153889 -17987974082.9171
0.2035 -0.731630479901319 -11128828685.3294
0.204 -0.701923113439761 -6268149789.25468
0.2045 -0.678202562036485 -2325101935.56846
0.205 -0.630685851519906 5506825676.16261
0.2055 -0.597611344398829 11474547375.8256
0.206 -0.584479351097541 13150762867.5227
0.2065 -0.551555280126507 19090495120.0135
0.207 -0.529735845730432 22545207071.8955
0.2075 -0.528412609939386 22588317210.9155
0.208 -0.533882497076699 21171437863.5611
0.208499999999999 -0.522511180771621 22588872376.9311
0.209 -0.53772962789546 19243949841.2707
0.2095 -0.528586457940942 20875741450.6321
0.21 -0.51313744830067 23687297360.5799
0.2105 -0.52379709033947 21709830204.7903
0.211 -0.518459504559327 22137597472.4744
0.2115 -0.496037626670113 25819143714.9943
0.212 -0.512404309622169 22545373946.0631
0.2125 -0.494482680966195 25434020936.1421
0.213 -0.487974896695212 26381048550.8176
0.2135 -0.453968005057909 32150211232.2471
0.213999999999999 -0.439440652878935 34727803943.8209
0.2145 -0.428403966754823 36536665580.7139
0.215 -0.421770861160444 37694177456.1729
0.2155 -0.417736489768634 37869329285.7424
0.216 -0.428666662708938 35818215470.8047
0.2165 -0.402313201608144 40525497580.6383
0.217 -0.391385271473517 42039150191.4076
0.2175 -0.383217588050097 43101967546.3608
0.217999999999999 -0.384389255946868 42699582420.4359
0.2185 -0.409115718689962 37939474708.4503
0.219 -0.40147463501149 39284760846.4623
0.2195 -0.404696268375277 37866846334.2496
0.22 -0.38949560262764 40593292384.3649
0.2205 -0.384994698224966 41346743343.1246
0.221 -0.388224696621731 40100196452.0155
0.2215 -0.362140706641196 45189042635.9318
0.222 -0.350767145064691 46765308772.6084
0.2225 -0.341571432440697 48230608629.2929
0.223 -0.346990434704164 47150089466.0691
0.223499999999999 -0.346389767411649 46970809410.603
0.224 -0.356177056301384 44786991205.0026
0.2245 -0.335179578349539 48322738381.9349
0.225 -0.333543279768946 48447173838.7204
0.2255 -0.327084190002404 48897333937.7958
0.226 -0.324833236677452 48974474177.6174
0.2265 -0.330878332960452 47514785507.6364
0.227 -0.336507391018042 46056895036.4383
0.2275 -0.337883554515503 44901195866.9139
0.228 -0.322427166298518 47284639050.2501
0.2285 -0.325796363364043 46096931322.8261
0.229 -0.323861040164025 45981901639.7922
0.2295 -0.315356069061502 46754384454.0447
0.23 -0.302563370146661 48675397645.4287
0.2305 -0.299984028632052 48486735298.7699
0.231 -0.296840668192915 48467799868.5075
0.2315 -0.286623472780964 50075083272.0131
0.232 -0.280210717745861 50970153712.9295
0.2325 -0.279056867596135 50543528702.6004
0.233 -0.262024324359537 53100226514.51
0.2335 -0.274293954643667 50298307345.606
0.234 -0.267175953000466 51694873500.6678
0.2345 -0.265011342203872 51402441121.5334
0.235 -0.271951746379935 49768227903.269
0.2355 -0.269941619877084 49421466799.4915
0.236 -0.281636213894943 47243793869.4802
0.2365 -0.264434905868416 49637357232.9994
0.236999999999999 -0.250462324836469 52099169868.0849
0.2375 -0.230399227938143 55302862080.602
0.238 -0.237491834934411 53619801759.9334
0.238499999999999 -0.221993846032923 55849760778.0591
0.239 -0.221281067749677 55343445158.406
0.2395 -0.223866194939295 54641959104.1626
0.24 -0.238115613880576 51265084896.1944
0.2405 -0.23435150991494 51592493196.4377
0.241 -0.239393815848795 50290203048.2359
0.2415 -0.232704631009218 51116043856.5402
0.242 -0.229024609828097 50966720791.0124
0.2425 -0.225908235401934 51533203326.4845
0.243 -0.219586956586407 51707125017.6445
0.2435 -0.225950660038265 50249522670.4128
0.244 -0.21754264366563 51516552099.543
0.2445 -0.205737292248856 53591954737.2474
0.245 -0.198769163822453 54345051385.9684
0.2455 -0.195631726138826 54465043317.3008
0.246 -0.189330483427608 55116752433.4096
0.2465 -0.188009192903714 55251915528.1916
0.247 -0.184416885472926 55503379456.168
0.2475 -0.169298548703054 57986993801.2388
0.247999999999999 -0.171395403489489 57050952576.6158
0.2485 -0.151336498372397 60464521802.7819
0.249 -0.15843930393336 58555408792.086
0.2495 -0.1642454352585 57287422730.5958
0.25 -0.147056930773396 60398207921.4818
