# Fix print output for fix def1
-3.34806288850275e-16 0.00776261549547687 3173315416.40292
0.000499999999999606 0.0377240847646209 7812197832.78324
0.00099999999999977 0.0654210630220635 12118244916.1914
0.00149999999999971 0.0960068689038127 16891473755.2337
0.00199999999999965 0.122960136072588 21081320794.2472
0.00249999999999959 0.153576972296683 25862183541.5111
0.00299999999999976 0.180571720390974 30090297064.5914
0.0034999999999997 0.20968816414556 34631721239.7627
0.00399999999999964 0.236839769570857 38891832320.1134
0.00449999999999958 0.266279173299865 43493686069.1737
0.00499999999999974 0.292644691895241 47634725903.5668
0.00549999999999968 0.321319085703359 52140410785.8122
0.00599999999999962 0.347870572435104 56297631465.1103
0.00649999999999956 0.375952407473597 60734791273.1114
0.00699999999999973 0.40280023581864 64957540661.8249
0.00749999999999967 0.431024682866393 69409655969.9544
0.00799999999999961 0.458643964981256 73767546177.3265
0.00849999999999977 0.485172834345114 77955294603.5916
0.00899999999999971 0.513827960837257 82481282066.3813
0.00949999999999965 0.539600792414585 86561321990.7069
0.00999999999999959 0.568203858327643 91089457112.4598
0.0104999999999998 0.594206372453937 95213819085.887
0.0109999999999997 0.623078272176465 99798356712.6192
0.0114999999999996 0.649133024036826 103952101309.52
0.0119999999999996 0.677129197162313 108393902960.57
0.0124999999999997 0.704519875772401 112735590634.641
0.0129999999999997 0.73080175373309 116935161372.638
0.0134999999999996 0.759460151385759 121511742504.65
0.0139999999999996 0.784778812547132 125555445244.86
0.0144999999999997 0.812944172911463 130060943157.025
0.0149999999999997 0.839253906243427 134264116993.349
0.0154999999999996 0.865433653516016 138462309084.185
0.0159999999999998 0.892863104868724 142854761832.077
0.0164999999999997 0.918239290148991 146933092451.36
0.0169999999999997 0.945749431554952 151378362903.29
0.0174999999999996 0.971801130529975 155545282379.288
0.0179999999999998 0.997304437209264 159647591899.92
0.0184999999999997 1.02519482317159 164144458420.059
0.0189999999999996 1.05060020758099 168245598134.892
0.0194999999999996 1.07670265121879 172458393515.866
0.0199999999999997 1.10439258720591 176926684679.505
0.0204999999999997 1.12961232563953 181010708655.03
0.0209999999999996 1.15593862120337 185273949588.198
0.0214999999999996 1.18201120684218 189504071507.725
0.0219999999999997 1.20689177329492 193545776705.085
0.0224999999999997 1.2341447378786 197963126977.846
0.0229999999999996 1.25999824763828 202171207255.241
0.0234999999999996 1.28449748658582 206167348236.451
0.0239999999999997 1.31117857612226 210513652006.338
0.0244999999999997 1.33689975276258 214695591519.507
0.0249999999999996 1.36091831152273 218608148581.091
0.0254999999999998 1.38725796072794 222924811864.432
0.0259999999999997 1.41365257446968 227259438294.759
0.0264999999999996 1.4380810961718 231236353456.168
0.0269999999999996 1.46364015640388 235425387337.668
0.0274999999999998 1.48949471632328 239684382842.805
0.0279999999999997 1.51353279203199 243630410767.628
0.0284999999999996 1.53818484778933 247693816463.865
0.0289999999999996 1.5643163158838 251995152221.902
0.0294999999999997 1.58932435221263 256104604539.345
0.0299999999999997 1.61355833305926 260102487187.062
0.0304999999999996 1.63789930871534 264112890001.09
0.0309999999999998 1.663516008809 268362078174.498
0.0314999999999995 1.68769020812536 272351054292.906
0.0319999999999997 1.71102291959767 276231521864.521
0.0324999999999998 1.73550218742495 280286418974.009
0.0329999999999995 1.76145274375479 284579168196.502
0.0334999999999997 1.78547646352408 288575368170.582
0.0339999999999999 1.80838908618374 292395153345.238
0.0344999999999996 1.83287465442929 296479170572.217
0.0349999999999998 1.85790388972437 300629310473.486
0.0354999999999995 1.88212582111386 304681781551.994
0.0359999999999996 1.90484309273863 308486658958.858
0.0364999999999998 1.92819193684339 312382845172.252
0.0369999999999995 1.95245679483544 316453914866.087
0.0374999999999997 1.97692653530205 320543182509.938
0.0379999999999998 2.00081360284985 324533924396.568
0.0384999999999996 2.02342738258633 328350488652.427
0.0389999999999997 2.04647018337659 332217082331.301
0.0394999999999997 2.07051997851744 336266044776.003
0.0399999999999996 2.09464926879813 340316285436.832
0.0404999999999998 2.1180575956489 344267391773.066
0.0409999999999995 2.14065301366179 348070410757.966
0.0414999999999997 2.16355729762204 351960360968.437
0.0419999999999998 2.18629035696551 355809079459.374
0.0424999999999995 2.20924977007544 359697087214.459
0.0429999999999997 2.23265045240742 363662824512.442
0.0434999999999999 2.25552508340746 367549016647.69
0.0439999999999996 2.27812680540179 371384769697.666
0.0444999999999997 2.30057759402529 375195365198.641
0.0449999999999995 2.32314103381245 379045918712.472
0.0454999999999996 2.34579351086585 382906170029.809
0.0459999999999998 2.3684406920897 386758225377.713
0.0464999999999995 2.3912947711414 390656792483.953
0.0469999999999997 2.41373821079413 394495818833.409
0.0474999999999998 2.43548545825772 398223610773.26
0.0479999999999995 2.45781361935936 402046977030.133
0.0484999999999997 2.47988825342955 405820900606.839
0.0489999999999997 2.50181926533394 409594350887.291
0.0494999999999996 2.52418300226847 413426440590.231
0.0499999999999998 2.54613153032301 417203057347.768
0.0504999999999995 2.56851385495083 421065765486.119
0.0509999999999996 2.5907266982929 424877683718.248
0.0514999999999998 2.6125337953822 428645313981.52
0.0519999999999995 2.63382975532557 432336796717.969
0.0524999999999997 2.65539221121989 436063814802.092
0.0529999999999999 2.6768655937865 439780728063.658
0.0534999999999996 2.69778104126547 443414880142.197
0.0539999999999997 2.71898017866344 447085077678.033
0.0544999999999997 2.74043722581868 450812837352.404
0.0549999999999996 2.76234925668903 454620056919.502
0.0554999999999998 2.7832844295566 458261266335.76
0.0559999999999995 2.80490119834886 462026092931.113
0.0564999999999997 2.82602659096503 465717393757.395
0.0569999999999998 2.84737666500299 469440091172.397
0.0574999999999995 2.86816155979045 473083570906.047
0.0579999999999997 2.88926594053576 476751121977.248
0.0584999999999999 2.91006522545809 480398372338.449
0.0589999999999996 2.9306666200158 484037079595.053
0.0594999999999997 2.9511359172014 487613054260.743
0.0599999999999995 2.97155194059815 491215031745.103
0.0604999999999996 2.99261886488653 494909753226.215
0.0609999999999998 3.0126081359141 498430963782.797
0.0614999999999995 3.0329241214063 502014766560.068
0.0619999999999997 3.0531694951346 505593886341.654
0.0624999999999998 3.07348611920239 509189399746.189
0.0629999999999996 3.0937439663869 512767479290.879
0.0634999999999997 3.11402612387878 516361792414.595
0.0639999999999997 3.13403522740491 519915938343.724
0.0644999999999996 3.15380307389144 523421395659.793
0.0649999999999998 3.17388769310327 526986612294.709
0.0654999999999995 3.1937796854449 530516962405.032
0.0659999999999996 3.21299922559655 533960096411.354
0.0664999999999998 3.23273780858875 537470001132.404
0.0669999999999995 3.25253484595336 541006718052.455
0.0674999999999997 3.27240728111701 544549115825.106
0.0679999999999999 3.29197486329219 548045140955.995
0.0684999999999996 3.31179347418806 551598662693.983
0.0689999999999997 3.33174221568288 555172059368.946
0.0694999999999995 3.35146856490426 558703067485.167
0.0699999999999996 3.37058909067689 562148096720.183
0.0704999999999998 3.38977097611183 565588400226.96
0.0709999999999995 3.40888565300712 569030973064.668
0.0714999999999997 3.4277469411818 572444109721.231
0.0719999999999998 3.44637785234077 575798768836.182
0.0724999999999996 3.46519605369954 579210407952.199
0.0729999999999997 3.48385536121531 582589367772.562
0.0734999999999996 3.50290790933088 586028005621.665
0.0739999999999996 3.52178470538958 589454767106.995
0.0744999999999998 3.54040967065161 592836677436.189
0.0749999999999995 3.55916018141272 596248300956.723
0.0754999999999996 3.57778970386049 599636353672.657
0.0759999999999998 3.5959980397726 602958150571.364
0.0764999999999995 3.6146296849028 606341059863.106
0.0769999999999997 3.63266217399593 609655040911.298
0.0774999999999998 3.65086764972119 612973424860.387
0.0779999999999996 3.66909384242817 616300591286.834
0.0784999999999997 3.68745851100182 619662036851.011
0.0789999999999997 3.70583648077338 623035647167.495
0.0794999999999996 3.72403004065986 626377393851.274
0.0799999999999998 3.74211218863095 629700243356.347
0.0804999999999995 3.76005047730044 632985735855.993
0.0809999999999997 3.77786632450066 636268896443.949
0.0814999999999998 3.79564391615053 639540110273.361
0.0819999999999995 3.81325221340441 642804865189.424
0.0824999999999997 3.83173945791054 646215857260.484
0.0829999999999996 3.84906435484193 649417419861.127
0.0834999999999996 3.86692312811994 652728943504.716
0.0839999999999997 3.88421978637342 655946073469.883
0.0844999999999997 3.90150867867881 659150345989.776
0.0849999999999996 3.91891434455471 662387915962.336
0.0854999999999998 3.93675115990129 665712241111.825
0.0859999999999995 3.95399968775469 668917265708.598
0.0864999999999997 3.97069574441122 672037588098.161
0.0869999999999998 3.98759686173745 675200858465.608
0.0874999999999996 4.0051681001796 678473438901.803
0.0879999999999997 4.02193681793189 681618042901.959
0.0884999999999997 4.03910918752448 684841900531.26
0.0889999999999996 4.05590510756519 687986736735.859
0.0894999999999998 4.07287172643674 691178403977.588
0.0899999999999995 4.08957794324661 694317744607.187
0.0904999999999996 4.10642361650575 697493310662.951
0.0909999999999998 4.12297677266072 700626369594.031
0.0914999999999995 4.13974703305274 703781474809.613
0.0919999999999997 4.15626503136702 706894385388.925
0.0924999999999996 4.17298095172864 710070113024.757
0.0929999999999996 4.18889877030039 713082571919.648
0.0934999999999997 4.20544951065586 716219520191.598
0.0939999999999997 4.22218205981038 719403137103.143
0.0944999999999996 4.23821045084025 722441273640.444
0.0949999999999998 4.25450530932895 725558516562.13
0.0954999999999995 4.2702783951167 728554041255.373
0.0959999999999997 4.2869397773764 731724730332.316
0.0964999999999998 4.30203752901423 734633710579.588
0.0969999999999995 4.31807896372112 737699291285.467
0.0974999999999997 4.33407580521562 740751003273.402
0.0979999999999996 4.34956910809201 743736526028.448
0.0984999999999996 4.36559187719821 746814615012.469
0.0989999999999998 4.38160977761991 749879722422.262
0.0994999999999995 4.3971278492095 752873186353.92
0.0999999999999996 4.41274903173009 755884577131.222
0.1005 4.42868593806425 758937907169.846
0.101 4.44385635423301 761885960947.903
0.1015 4.45896826309928 764823525140.06
0.102 4.47423187639845 767770005895.829
0.1025 4.48973208289011 770777832296.886
0.103 4.50506707162697 773762330670.282
0.1035 4.52004423338083 776671963602.174
0.104 4.53530164190171 779646975503.006
0.1045 4.55014398846951 782537062512.497
0.104999999999999 4.56564128738516 785549106234.377
0.1055 4.58035256624892 788424966765.532
0.106 4.59547861192828 791385337320.545
0.1065 4.61019535344197 794273865724.656
0.107 4.62467265135698 797115467901.994
0.1075 4.63930614587467 799986645511.842
0.108 4.65393715036894 802863081475.538
0.1085 4.66846781226382 805726756952.965
0.108999999999999 4.68291224715683 808575661818.366
0.1095 4.69742866976138 811437961525.103
0.11 4.71185044755905 814293059031.109
0.1105 4.72591595937352 817083516130.372
0.111 4.7405764724587 819987321333.512
0.1115 4.75468470152175 822794971133.744
0.112 4.76919587279748 825664371322.069
0.1125 4.78304519935352 828443309965.587
0.113 4.79756816604642 831315246498.478
0.1135 4.81127769849125 834048764156.927
0.114 4.82556951916388 836902601153.317
0.114499999999999 4.83905684737595 839600346969.946
0.115 4.85340775733352 842466650860.041
0.1155 4.86699614765182 845183114030.112
0.116 4.88092690958147 847983316405.995
0.1165 4.89457728159337 850733515555.079
0.117 4.90798971866781 853440054984.413
0.1175 4.92162959840765 856199397802.699
0.118 4.93471953910832 858850083047.113
0.118499999999999 4.94821151891805 861571965032.616
0.119 4.96170034703588 864304801538.751
0.1195 4.97499946841987 866993139232.141
0.119999999999999 4.98814674121667 869668778077.014
0.1205 5.00174106868734 872433314800.625
0.121 5.01438270376009 875011287771.889
0.1215 5.02774339899756 877732763572.827
0.122 5.04082242060063 880403130034.808
0.1225 5.05360395608416 883018913430.223
0.123 5.0666565708514 885695394733.476
0.1235 5.07983704187403 888387145183.539
0.123999999999999 5.09248289037667 890987559526.43
0.1245 5.10541044498243 893625842464.044
0.125 5.11807436095432 896253502404.017
0.1255 5.13027807183279 898773773983.273
0.126 5.14263092283668 901334391111.333
0.1265 5.15591267111881 904060677072.367
0.127 5.16836629961787 906636699068.236
0.1275 5.18064714831172 909197790119.142
0.128 5.19272080009714 911716060053.767
0.1285 5.20510332716544 914282837357.688
0.129 5.21764171720659 916890326390.361
0.129499999999999 5.23000626977087 919465594549.486
0.13 5.24197212368166 921973671493.362
0.1305 5.25404240833892 924493075491.325
0.131 5.26578647437161 926962801598.035
0.1315 5.27774307751131 929469125409.302
0.132 5.28956206870484 931958433043.414
0.1325 5.30150006052174 934466233960.013
0.133 5.3131968794969 936945453005.915
0.1335 5.32490997962706 939418773682.938
0.134 5.33655888844561 941872395331.433
0.1345 5.3483899928926 944378736228.344
0.135 5.36024060678759 946880437381.748
0.1355 5.37152224854381 949287320204.367
0.136 5.38251623112589 951636210121.544
0.1365 5.39415083319087 954100486867.64
0.137 5.40531333182803 956484009973.905
0.1375 5.41686114920921 958963868931.021
0.138 5.42796424347817 961346601708.671
0.1385 5.43893410793746 963709040161.361
0.138999999999999 5.45021519319596 966120678979.681
0.1395 5.46119588472286 968490039124.645
0.14 5.47259754649182 970937396019.77
0.1405 5.48313798691525 973222225101.818
0.141 5.49432490503393 975633627050.853
0.1415 5.50458529340984 977872669194.558
0.142 5.51557773525386 980248209081.978
0.1425 5.52616496345252 982549581588.714
0.143 5.53675874999441 984862363186.102
0.1435 5.54716564617968 987142343632.693
0.144 5.55838260755862 989559148786.503
0.144499999999999 5.56852247779474 991801528201.539
0.145 5.57878455852763 994063709114.498
0.1455 5.58957379522234 996406039527.902
0.146 5.59973199320581 998656132668.577
0.1465 5.609730636104 1000871956233.81
0.147 5.61969140306652 1003067945559.58
0.1475 5.63034020066128 1005419314029.98
0.148 5.64016731268017 1007594858589.03
0.148499999999999 5.65036803926313 1009859179972.33
0.149 5.66021643663064 1012059856395.36
0.1495 5.66991243950226 1014222162984.13
0.149999999999999 5.67965717501727 1016405227643.18
0.1505 5.68937101769235 1018584630872.21
0.151 5.69898637340737 1020737204067.88
0.1515 5.70897886023767 1022973597858.71
0.152 5.71815730664641 1025061409676.5
0.1525 5.72796115142531 1027239467115.47
0.153 5.73716248850202 1029332364125.58
0.1535 5.74676870145195 1031511369706.67
0.153999999999999 5.75620606034444 1033651226116.11
0.1545 5.76514341634019 1035700148433.31
0.155 5.77430974433712 1037784907295.58
0.1555 5.78356186153138 1039888833461.82
0.156 5.7924121449334 1041937456919.85
0.1565 5.80153309678894 1044016626847.59
0.157 5.81047230693251 1046066690450.73
0.1575 5.81890565009523 1048043203405.87
0.158 5.82801991292433 1050131640421.43
0.1585 5.83705868873245 1052207897628.81
0.159 5.8452492412643 1054140002485.78
0.1595 5.85376987636216 1056128378086.38
0.16 5.86197280244996 1058062519169.35
0.1605 5.87019304381827 1059987669465.89
0.161 5.87890527184983 1062027997015.74
0.1615 5.88757435694809 1064046147914.05
0.162 5.89566485700437 1065964865867.26
0.1625 5.90321208732846 1067771826340.87
0.163 5.91093481137134 1069637365088.32
0.1635 5.91886833852995 1071528307502.27
0.164 5.92679438211032 1073412263341.33
0.1645 5.93530584504423 1075421673520.92
0.165 5.94331277952019 1077331061365.47
0.1655 5.95081755595531 1079140667797.39
0.166 5.95858076812054 1081014360064.44
0.1665 5.9656388298672 1082743095612.64
0.167 5.97288196299061 1084525912075.39
0.1675 5.97995598277507 1086276823239.8
0.168 5.98743432563737 1088092097778.54
0.1685 5.99453501797553 1089843683434.97
0.168999999999999 6.00202795445377 1091667799622.48
0.1695 6.00856796447319 1093336033246.25
0.17 6.01400333202207 1094827032554.74
0.1705 6.0196901157305 1096342414126.38
0.171 6.01923173636001 1096876465209.24
0.1715 6.01738023287988 1097211389725.86
0.172 6.00936925082404 1096494645804.62
0.1725 5.99687824247403 1095113780159.98
0.173 5.97921486135648 1092879655753.27
0.1735 5.96166268717821 1090716107357.88
0.174 5.93983693682557 1087806944995.29
0.174499999999999 5.91072005952852 1083740400785.23
0.175 5.88062111433914 1079620603990.67
0.1755 5.84109095300651 1073717971210.36
0.176 5.79645965735106 1067297435271.85
0.1765 5.75265954166598 1060966629821.12
0.177 5.70460402182643 1053887924708.39
0.1775 5.65179947353737 1046413447379.07
0.178 5.58100382983056 1035703729243.99
0.178499999999999 5.50980691085406 1025062543418.76
0.179 5.43679393524858 1014184413271.75
0.1795 5.34397004076265 999981436254.218
0.18 5.24392758485756 984850359815.851
0.1805 5.14118988791796 969364661405.784
0.181 5.01947823403757 950186824778.738
0.1815 4.90023860248023 931927860806.06
0.182 4.76570456491412 911265555415.693
0.1825 4.60808403804196 886639190501.498
0.183 4.44559218214257 861497925197.271
0.1835 4.27213179591493 834344672046.949
0.183999999999999 4.097317831646 807283522036.397
0.1845 3.90531615649795 777280184508.054
0.185 3.72411049038677 748782894602.559
0.1855 3.53720365524964 719881486982.701
0.186 3.34321269053794 689703022891.414
0.1865 3.14879465566471 658728803644.546
0.187 2.95425641367041 627974115175.899
0.1875 2.76616852749648 598325063221.555
0.187999999999999 2.57330505321224 567974066703.875
0.1885 2.36627962643372 534756840662.613
0.189 2.17518910083014 504228845521.752
0.1895 1.96793178340581 470906484458.014
0.19 1.77191901462285 439604788515.656
0.1905 1.55762629469428 404409371783.102
0.191 1.34127015492172 369077718328.109
0.1915 1.11477613680639 331583592605.052
0.192 0.889464615488667 293440941790.532
0.1925 0.650610803609977 252588164646.813
0.193 0.424125648746293 213485843058.708
0.1935 0.178334634682727 170302624057.927
0.194 -0.0413445323775204 130984630010.492
0.1945 -0.24171053181351 95096304116.9316
0.195 -0.377308331289115 70811478813.4287
0.1955 -0.517496371892327 44953025224.7215
0.196 -0.668479747983427 16823534631.1515
0.1965 -0.760096732606235 -1182997840.94524
0.197 -0.863034290343846 -21571062712.7051
0.1975 -0.924325701541923 -34596391898.2534
0.198 -0.960997042271642 -43630217994.8384
0.1985 -1.00438373803696 -53942640740.692
0.198999999999999 -0.955282830065211 -47324737547.9293
0.1995 -0.894015444653296 -37750553785.0792
0.2 -0.872516277220483 -35274620109.4431
0.2005 -0.842536392954671 -30849183020.7336
0.201 -0.821448298840291 -27787603407.5308
0.2015 -0.771857742915813 -19743107278.6765
0.202 -0.748742726922 -16141315439.4222
0.2025 -0.729442745388396 -13455200662.2501
0.203 -0.687998500284602 -6890522361.68215
0.2035 -0.659457925945515 -1799394720.51294
0.204 -0.64445929567503 73651242.2389717
0.2045 -0.603753987838709 6934824992.89751
0.205 -0.597620025481751 8045138518.6184
0.2055 -0.595350856743577 8019821952.08626
0.206 -0.549542530319211 15565214715.2346
0.2065 -0.528771333604695 19312522595.3711
0.207 -0.529771189732935 18507097265.6957
0.2075 -0.522841042047998 19595398046.1581
0.208 -0.516893793928522 20617002417.9866
0.208499999999999 -0.489237185410466 25177025259.0616
0.209 -0.499357561154743 23276647544.011
0.2095 -0.496547180209301 22989229304.2323
0.21 -0.486933547006679 24393643150.4591
0.2105 -0.474588037976156 26231990383.6761
0.211 -0.487487521329173 23419671271.8279
0.2115 -0.470641020526145 26461307780.1795
0.212 -0.463695989590803 27282116057.4714
0.2125 -0.44149569865862 30830305977.1148
0.213 -0.438405208337807 31433299230.9029
0.2135 -0.429709815524977 33055706268.6022
0.213999999999999 -0.436413186373148 31786149043.1043
0.2145 -0.431120681568497 32384826025.717
0.215 -0.427434190992765 32526141550.1212
0.2155 -0.428568516269749 32322348146.2082
0.216 -0.413938589275536 34750292608.6888
0.2165 -0.407761010637525 35388525766.7782
0.217 -0.380026086281072 40164678916.5477
0.2175 -0.382522003268058 39568734161.7721
0.217999999999999 -0.36897319901891 41709184563.2203
0.2185 -0.361344123745242 42579727184.8653
0.219 -0.361523156029402 42692187069.1371
0.2195 -0.343817297404971 45778335555.0979
0.22 -0.341893659736115 46064694579.2726
0.2205 -0.343687904977699 45590926378.1251
0.221 -0.338299491671517 46291247864.936
0.2215 -0.320467905146855 49151459070.2028
0.222 -0.30931917212149 50835439463.377
0.2225 -0.312643574729036 49958147999.566
0.223 -0.323259211335757 47995065853.3158
0.223499999999999 -0.320821002352871 47765263844.6499
0.224 -0.306645116109449 50159485147.0386
0.2245 -0.313225909466666 48705080365.3841
0.225 -0.311249575855422 48555407727.3848
0.2255 -0.301295485528289 49964749652.2861
0.226 -0.294937823064288 50608253525.2652
0.2265 -0.308878972975981 47963069512.8496
0.227 -0.298278143418775 49387151343.9908
0.2275 -0.306452262718328 47398737313.6638
0.228 -0.307829383839417 46873697736.5258
0.2285 -0.317012805046517 44634543997.8117
0.229 -0.318763603986514 43567343130.4798
0.2295 -0.305106744847693 45463583615.5302
0.23 -0.299492167581265 45824284555.9098
0.2305 -0.294929830145226 46131694272.0486
0.231 -0.283040819491114 47998893868.2212
0.2315 -0.287072938770976 46759776463.7641
0.232 -0.275494597448534 48796681824.7179
0.2325 -0.272676638145731 48582108319.9655
0.233 -0.276297711673132 47041768600.7555
0.2335 -0.285073135954303 45058878534.2123
0.234 -0.29054457784005 43027513663.1091
0.2345 -0.273788136872919 45442388049.0501
0.235 -0.291372894098218 41659043713.8051
0.2355 -0.272319870013766 45039106250.6854
0.236 -0.277760463193519 43930178682.2294
0.2365 -0.265074790704801 45640929837.174
0.236999999999999 -0.262920642326413 45498754714.8195
0.2375 -0.252704848706536 46997405491.818
0.238 -0.244718404196083 47766845311.1824
0.238499999999999 -0.23644845094557 48744262155.9002
0.239 -0.229842102024667 49925853908.4555
0.2395 -0.2128246821346 52603062674.033
0.24 -0.212568195916861 52267196864.3859
0.2405 -0.216014294141399 51046763369.8049
0.241 -0.222119231214111 49363908233.7861
0.2415 -0.211174819692113 50893731265.414
0.242 -0.212928593539013 50213412331.1587
0.2425 -0.206504820260122 50849699551.3876
0.243 -0.198872394299338 52131921521.6944
0.2435 -0.198809726458654 51179738478.182
0.244 -0.192346254194167 51975485104.1805
0.2445 -0.190251255544872 51894702487.4479
0.245 -0.187419083885729 51727837524.5522
0.2455 -0.178908304667778 53117268641.7751
0.246 -0.179952510299176 52168385185.2909
0.2465 -0.179689036676418 52158979861.1795
0.247 -0.169224267918712 53563307457.4399
0.2475 -0.169509203303214 53023167531.3166
0.247999999999999 -0.165732689491218 53090947911.2328
0.2485 -0.156019117314195 54362686639.498
0.249 -0.163956505474946 52512260193.4549
0.2495 -0.167724508986565 51418519776.5215
0.25 -0.174952339844108 49401982565.0993
