# Fix print output for fix def1
0 0.00721063360276929 3073877710.63905
0.000500000000000079 0.0355297855220569 7473772704.11311
0.00100000000000005 0.0649785294896928 12052548104.6754
0.00150000000000001 0.0933390746686535 16465316557.7096
0.00200000000000009 0.121777177183776 20907607546.4254
0.00250000000000006 0.149837539204667 25289623036.0233
0.00300000000000003 0.177306043892006 29576796207.1234
0.00350000000000011 0.205018310977751 33913846568.4817
0.00400000000000007 0.233029025687898 38298585741.7664
0.00450000000000004 0.259816179870836 42484213085.878
0.00500000000000001 0.287142262242782 46769942329.0273
0.00549999999999998 0.3143034572985 51046483313.5216
0.00600000000000005 0.34176440731133 55358934590.0319
0.00649999999999991 0.367694423126642 59441720060.834
0.00699999999999999 0.394646076882766 63672856652.5682
0.00750000000000007 0.42214825216986 68006477992.9661
0.00799999999999992 0.449613003243079 72352850461.4085
0.0085 0.476505253317212 76580907025.6361
0.00900000000000008 0.503309181678126 80837994169.1105
0.00949999999999994 0.529889052708443 85040675018.9627
0.01 0.557362165371214 89389209312.1636
0.0105000000000001 0.58415208279537 93635287364.2525
0.011 0.610214230711612 97779987863.4867
0.0115 0.636921042970291 102021032841.51
0.0120000000000001 0.663924624322129 106314292691.768
0.0125 0.690504504058212 110544453008.428
0.013 0.716969619473327 114767416160.212
0.0134999999999999 0.742817310168504 118890254547.86
0.014 0.769882713705018 123206061316.646
0.0145000000000001 0.795841133102141 127363413948.618
0.0149999999999999 0.82236776224967 131615725825.274
0.0155 0.848006012445083 135711247013.935
0.0160000000000001 0.874293879741174 139925955778.115
0.0164999999999999 0.900464896470952 144123012607.96
0.017 0.926537358637644 148309226734.877
0.0175000000000001 0.952477721389542 152496120458.7
0.0179999999999999 0.978215114509209 156634690034.603
0.0185 1.00389866415466 160771354429.107
0.0190000000000001 1.02991392108603 164979413901.789
0.0195 1.05504900489782 169025680445.906
0.02 1.08180551287956 173340701464.731
0.0205000000000001 1.10745528760884 177493496157.833
0.021 1.13278338106115 181617288658.847
0.0215 1.15833172701908 185733355414.289
0.0219999999999999 1.18399940296733 189918833372.645
0.0225 1.20845351373982 193889270429.408
0.0230000000000001 1.23384460888335 198017594091.61
0.0234999999999999 1.25949837044616 202194474637.867
0.024 1.28368065670145 206126406370.326
0.0245000000000001 1.3093887733045 210319928042.968
0.0249999999999999 1.33366037497775 214303507341.258
0.0255 1.35794809028875 218256682370.503
0.0260000000000001 1.38285731924718 222339106060.061
0.0264999999999999 1.40833903977383 226497542652.648
0.027 1.43315736510055 230566959383.811
0.0275000000000001 1.45815803660212 234671816403.099
0.028 1.48351880644906 238843199324.707
0.0285 1.50751505842492 242781278068.688
0.0290000000000001 1.53232599352029 246866476046.779
0.0295 1.55733133337049 250980957982.45
0.03 1.58165026556823 254984255838.139
0.0305000000000001 1.60530832387044 258903348195.403
0.031 1.63015332712512 263012694682.888
0.0315000000000001 1.65404247257937 266964122444.216
0.0320000000000001 1.67689170159179 270747589659.739
0.0325000000000002 1.70038791536519 274656028438.746
0.0330000000000001 1.72496521448744 278721138923.53
0.0334999999999999 1.74905107131989 282718267283.494
0.034 1.77268458556876 286653461568.501
0.0345000000000001 1.79621511050693 290562365060.099
0.0350000000000002 1.82102303622771 294706371987.805
0.0355000000000002 1.84440209239771 298598124024.955
0.0359999999999999 1.86780668948675 302516238337.938
0.0365 1.8912266071413 306431899131.713
0.037 1.9148739550932 310386929847.789
0.0375000000000001 1.93806146398638 314284436535.906
0.0380000000000002 1.96114183236421 318149431892.923
0.0385 1.98386539116262 321970177302.259
0.0389999999999999 2.0076517873826 325958261863.849
0.0395 2.03040770066062 329784736911.384
0.0400000000000001 2.05335768626153 333657495338.276
0.0405000000000001 2.07561398769019 337411806061.013
0.0410000000000002 2.09833092410282 341261074520.231
0.0415000000000001 2.12117465618607 345100348377.529
0.0419999999999999 2.14344543668175 348875011158.453
0.0425 2.16595202955482 352689128711.717
0.0430000000000001 2.18757061966026 356353194678.027
0.0435000000000002 2.20945269101043 360064385573.768
0.044 2.23120870008563 363774172196.744
0.0445000000000001 2.25273241201317 367429123043.85
0.045 2.27510047579477 371236284468.41
0.0455 2.29679735110237 374944549648.951
0.0460000000000001 2.31903990676077 378733218988.512
0.0465000000000002 2.34122047979311 382525211230.184
0.047 2.36375597059239 386369772195.651
0.0474999999999999 2.38533367187399 390048356001.91
0.048 2.40741783549466 393825012922.542
0.0485000000000001 2.42901573531672 397541350232.683
0.0490000000000001 2.450571114714 401249028718.728
0.0495000000000002 2.47199468236261 404928587203.583
0.0500000000000001 2.49371966942129 408658662914.152
0.0504999999999999 2.51552918017302 412397506738.32
0.051 2.53700942653555 416119358566.775
0.0515000000000001 2.55814122706081 419751361450.773
0.0520000000000002 2.57990309918339 423508654533.932
0.0525000000000002 2.60053982911164 427093490733.322
0.0530000000000001 2.62142055655371 430709731787.701
0.0535 2.64198128040101 434287545714.084
0.054 2.66314179854105 437949996239.767
0.0545000000000001 2.68401020716159 441569111469.3
0.0550000000000002 2.70541073295744 445283142147.922
0.0555000000000001 2.72610565721814 448897611758.668
0.0559999999999999 2.74692838906474 452513833609.407
0.0565 2.76771587844895 456132715587.08
0.0570000000000001 2.78861356894781 459783044445.054
0.0575000000000001 2.80984762095951 463493217042.352
0.0580000000000002 2.8302184405 467055535948.015
0.0585000000000001 2.85008712119159 470540679279.98
0.0589999999999999 2.86995604574071 474036632656.933
0.0595 2.88970308137725 477508177124.162
0.0600000000000001 2.91012142934298 481091415272.342
0.0605000000000002 2.93023138732866 484618648782.817
0.0610000000000002 2.9502220984351 488145083824.794
0.0614999999999999 2.96990709301399 491617060844.785
0.062 2.9903814663152 495238716729.074
0.0625 3.00978488290425 498670171301.388
0.0630000000000001 3.0299530227138 502232237825.623
0.0635000000000002 3.04955864364577 505706157080.165
0.0640000000000001 3.06841660721599 509062178989.343
0.0644999999999999 3.08768655348153 512481398094.047
0.065 3.10752922651751 516007166604.921
0.0655000000000001 3.12688558213173 519446781020.891
0.0660000000000001 3.14682605037328 522996321914.288
0.0665000000000002 3.16593025687595 526397883995.732
0.0670000000000001 3.18523210808857 529852402645.836
0.0674999999999999 3.20436446191145 533258434022.411
0.068 3.22385062181687 536751462170.925
0.0685000000000001 3.24325731420603 540226897565.264
0.0690000000000002 3.2633216491933 543800124521.182
0.0695000000000003 3.28306499181795 547325426984.137
0.0700000000000001 3.3021474034422 550755723118.167
0.0705 3.32092980688177 554139489604.16
0.071 3.3390514619626 557416147295.374
0.0715000000000001 3.35728253069917 560710607016.927
0.0720000000000002 3.37538952813847 563983969846.095
0.0725000000000001 3.39313211497687 567200398814.489
0.0729999999999999 3.41153624687206 570520022952.415
0.0735 3.43028892875357 573923129160.595
0.0740000000000001 3.44883666202491 577276711073.44
0.0745000000000001 3.46764827080879 580682846375.482
0.0750000000000002 3.48614428103664 584043913037.235
0.0755000000000001 3.50421257156268 587335437861.333
0.0759999999999999 3.52149108086039 590491915317.96
0.0765 3.53915607162271 593732410181.034
0.0770000000000001 3.55723158122988 597018121173.316
0.0775000000000002 3.57552444963652 600359815638.363
0.0780000000000002 3.59365151580916 603672714761.117
0.0784999999999999 3.61150342452278 606946888927.667
0.079 3.6293294619561 610210410613.431
0.0795 3.64602739388212 613289661817.921
0.0800000000000001 3.66337572359346 616474950116.413
0.0805000000000002 3.68142625380597 619791521467.615
0.0810000000000003 3.69968403394591 623146113300.927
0.0814999999999999 3.71761131486035 626438769942.527
0.082 3.73445632441897 629563456134.97
0.0825000000000001 3.75137523565465 632710658488.692
0.0830000000000002 3.76854299223648 635872634455.201
0.0835000000000002 3.78636916214398 639169356464.927
0.0840000000000001 3.8034603321922 642350310185.002
0.0844999999999999 3.81973367473652 645369089371.956
0.085 3.83575917513733 648378224587.715
0.0855000000000001 3.85294450153655 651606519424.953
0.0860000000000002 3.86859073761108 654578380678.767
0.0865000000000003 3.88391788796942 657488538114.86
0.0869999999999999 3.89777643415876 660129977495.187
0.0875 3.91086516506111 662713200453.328
0.0880000000000001 3.92462371203108 665317554589.101
0.0885000000000001 3.9375333431308 667873272338.29
0.0890000000000002 3.94766429143952 669973586092.278
0.0895000000000001 3.95690694262485 671986527321.295
0.0899999999999999 3.9646229850531 673619112635.177
0.0905 3.97353625445214 675491175718.007
0.0910000000000001 3.98289689114826 677462573835.934
0.0915000000000002 3.98857648778861 678757392230.545
0.0920000000000002 3.9958018869896 680391754408.994
0.0925000000000001 4.00286887646469 681989601202.3
0.0929999999999999 4.00842600104059 683318376051.229
0.0935 4.01243710491344 684415354722.174
0.0940000000000001 4.01792980223491 685774351615.637
0.0945000000000002 4.02091403840854 686728797798.985
0.0950000000000003 4.02607591390842 687992596165.843
0.0954999999999999 4.02673871832798 688551757679.074
0.096 4.03061321693487 689638512783.954
0.0965 4.02581537278636 689342405152.634
0.0970000000000001 4.02463958072124 689663494749.63
0.0975000000000002 4.02347900253499 689844725216.325
0.0980000000000003 4.02058370684939 689858850089.076
0.0984999999999999 4.01012684032422 688638499524.12
0.099 4.00547189745977 688321664011.532
0.0995000000000001 3.99888208615265 687883931265.607
0.1 3.98625089953878 686228004822.612
0.1005 3.97170551400884 684445081999.008
0.101 3.94861534813604 681257037181.54
0.1015 3.92047251523412 677349709469.276
0.102 3.8906929441989 673118409980.05
0.1025 3.86372157898535 669234562243.238
0.103 3.83793581512336 665542083549.636
0.1035 3.80214952249128 660360846933.692
0.104 3.76674856794063 655083731526.358
0.1045 3.72860771993708 649479626457.165
0.105 3.69036542457754 643812955898.832
0.1055 3.64502464056385 637087608189.895
0.106 3.598279015786 629901245229.607
0.1065 3.55115718144652 622824520695.601
0.107 3.49854007444063 614952207856.092
0.1075 3.44721947825179 606980935270.789
0.108 3.39070272889436 598179894404.5
0.1085 3.3259370733173 588171365349.158
0.109 3.25562362249567 577200499109.947
0.1095 3.1949032090354 567680338188.275
0.11 3.1170054648002 555387692021.654
0.1105 3.04024083252748 543186229432.715
0.111 2.96418151855768 531143633698.272
0.1115 2.87312369996069 516423026085.831
0.112 2.78580619921086 502826300795.078
0.1125 2.68714892232323 487026963059.592
0.113 2.58185850740633 470195343332.664
0.1135 2.48335443440687 454426335957.386
0.114 2.37861992619305 437502046005.826
0.1145 2.27614829984984 420991529209.87
0.115 2.16673464173246 403034999792.861
0.1155 2.04999784108415 383889063532.403
0.116 1.93815535145962 365779886012.923
0.1165 1.82110439968897 346412835040.27
0.117 1.71731051208525 328934774167.993
0.1175 1.59784616622849 308760879619.264
0.118 1.4772971577567 288781173554.495
0.1185 1.35156427140156 267592924378.685
0.119 1.22082688136084 245728593324.125
0.1195 1.10353888244902 225901526595.891
0.12 0.98846084618357 206066348674.215
0.1205 0.87600251225411 186967568266.992
0.121 0.781988008201504 170640558377.062
0.1215 0.692727359429806 154994013129.252
0.122 0.594864319129179 137942446609.642
0.1225 0.509155977166289 123082456837.64
