# Fix print output for fix def1
0 0.00802326883616392 3196507532.4422
0.000500000000000079 0.0365647400167406 7640542616.24738
0.00100000000000005 0.0659924949663221 12212798173.1061
0.00150000000000001 0.0940448052674471 16585278419.7659
0.00200000000000009 0.123326880695666 21157804125.9114
0.00250000000000006 0.150958044940713 25470844555.0834
0.00300000000000003 0.178808556104685 29809168169.4198
0.00350000000000011 0.205986872556381 34076270345.5936
0.00400000000000007 0.234434757743686 38521550166.2036
0.00450000000000004 0.260872882076316 42663231992.7652
0.00500000000000001 0.288082518172055 46927323902.9268
0.00549999999999998 0.315499741661345 51241677820.8731
0.00600000000000005 0.342480783487312 55482831560.4628
0.00649999999999991 0.369159406555596 59691050626.0095
0.00699999999999999 0.395145183646157 63784075886.1779
0.00750000000000007 0.423774394793433 68283510115.4194
0.00799999999999992 0.449928885132624 72409251282.8762
0.0085 0.478526442126455 76914479555.5364
0.00900000000000008 0.503194855153203 80836222075.1439
0.00949999999999994 0.531616457569524 85331440868.0023
0.01 0.557890105994384 89485815176.4156
0.0105000000000001 0.585175670456527 93804059107.3147
0.011 0.611625880993523 98012300386.1234
0.0115 0.637816161055988 102176691565.297
0.0120000000000001 0.665864671107168 106626901908.519
0.0125 0.690980201290726 110642106969.248
0.013 0.718810263340853 115069846502.795
0.0134999999999999 0.743774733985669 119059757069.779
0.014 0.770674576847007 123357229715.287
0.0145000000000001 0.797287619157195 127613661150.324
0.0149999999999999 0.822504340061112 131632813616.337
0.0155 0.849274128667636 135927181221.341
0.0160000000000001 0.875298374097543 140100926320.784
0.0164999999999999 0.90149280254788 144311373038.205
0.017 0.927685711746222 148506690126.953
0.0175000000000001 0.952588909525955 152528166834.294
0.0179999999999999 0.97994664669698 156931320103.09
0.0185 1.0050905842599 160980524875.332
0.0190000000000001 1.03052616619299 165080779412.789
0.0195 1.05697295969236 169346075472.113
0.02 1.08261937372972 173492142777.278
0.0205000000000001 1.10812812148955 177620225754.188
0.021 1.13444058162325 181879224370.163
0.0215 1.15889120502653 185856952462.904
0.0219999999999999 1.18472252493439 190033586378.959
0.0225 1.20989605839059 194141145578.214
0.0230000000000001 1.23423856217443 198096836294.7
0.0234999999999999 1.26050362891141 202367061522.587
0.024 1.2852244669431 206384067075.007
0.0245000000000001 1.31010668467547 210455588443.355
0.0249999999999999 1.33489653703929 214510612514.853
0.0255 1.35975802768567 218562404468.636
0.0260000000000001 1.38359525445665 222475393723.588
0.0264999999999999 1.40885622644742 226598265622.796
0.027 1.4344504857924 230797467292.616
0.0275000000000001 1.45905064295353 234834922024.811
0.028 1.48404726654861 238944234857.626
0.0285 1.50845602982558 242953462556.777
0.0290000000000001 1.53409061549785 247175053147.02
0.0295 1.55839901172403 251171983394.498
0.03 1.58179852576423 255041906716.131
0.0305000000000001 1.60650753769783 259119083698.509
0.031 1.63112858179244 263182696074.129
0.0315000000000001 1.65429282392058 267022956136.157
0.0320000000000001 1.67719746678875 270822522786.166
0.0325000000000002 1.70205435889711 274951543614.704
0.0330000000000001 1.7264889895984 278994960742.708
0.0334999999999999 1.74933082437284 282803868201.245
0.034 1.77288232691346 286707356820.824
0.0345000000000001 1.79760747149348 290814584456.512
0.0350000000000002 1.82234685124653 294933317937.46
0.0355000000000002 1.84427974762597 298606140140.159
0.0359999999999999 1.86746508487331 302479695759.157
0.0365 1.89183745902019 306564296141.356
0.037 1.91581161607288 310559670507.083
0.0375000000000001 1.93930229351798 314510107134.636
0.0380000000000002 1.96179252833599 318277424276.277
0.0385 1.98409336740127 322019687391.059
0.0389999999999999 2.0081312071994 326066145018.567
0.0395 2.03170135743537 330023590601.428
0.0400000000000001 2.05533034900681 334010995822.519
0.0405000000000001 2.07709019041826 337673996477.712
0.0410000000000002 2.09888791457334 341354217484.678
0.0415000000000001 2.12128931481799 345146156577.094
0.0419999999999999 2.14396610916386 348985627712.317
0.0425 2.1671392621903 352915983296.049
0.0430000000000001 2.1891872331237 356642729155.613
0.0435000000000002 2.2110219736133 360341922411.307
0.044 2.23212343820199 363949635622.466
0.0445000000000001 2.25343879856072 367590189218.373
0.045 2.2762946195416 371453212333.734
0.0455 2.29864095090434 375273755439.728
0.0460000000000001 2.32085861583817 379048941559.421
0.0465000000000002 2.34276137517246 382815326294.465
0.047 2.36519756505593 386633247933.83
0.0474999999999999 2.38689453857415 390341666734.608
0.048 2.40919840673591 394151722021.929
0.0485000000000001 2.43072429759008 397841632789.817
0.0490000000000001 2.45200890017154 401508420724.762
0.0495000000000002 2.4734031250554 405178396904.744
0.0500000000000001 2.49474736641017 408842429284.28
0.0504999999999999 2.51627829354027 412569177253.945
0.051 2.53759461050643 416242045063.405
0.0515000000000001 2.55876186728331 419893009675.642
0.0520000000000002 2.58036452471906 423629723497.131
0.0525000000000002 2.60147376977601 427274657579.057
0.0530000000000001 2.62276644301296 430956468206.091
0.0535 2.64321240395617 434514968430.615
0.054 2.66416472344878 438152320869.561
0.0545000000000001 2.6851011122081 441775704122.354
0.0550000000000002 2.70706236349185 445594874905.339
0.0555000000000001 2.72722345515594 449122308007.553
0.0559999999999999 2.74796509081264 452728278791.492
0.0565 2.76907188693839 456410917306.775
0.0570000000000001 2.78965292618812 460008544030.885
0.0575000000000001 2.81048822467213 463636152226.334
0.0580000000000002 2.83107623808341 467231317414.615
0.0585000000000001 2.85096511643889 470727373442.416
0.0589999999999999 2.87108824714255 474262456542.237
0.0595 2.8910189076841 477765950593.07
0.0600000000000001 2.91119241355235 481309079647.755
0.0605000000000002 2.9314206559652 484863324678.831
0.0610000000000002 2.95166032842828 488413192679.308
0.0614999999999999 2.97129048661186 491890785912.312
0.062 2.99180276426784 495502429559.16
0.0625 3.01117184757871 498943170264.943
0.0630000000000001 3.03125533089762 502478061895.749
0.0635000000000002 3.05051568395442 505904167540.021
0.0640000000000001 3.06952874711104 509274516661.984
0.0644999999999999 3.08871297939583 512685040483.034
0.065 3.10859278219671 516212758710.735
0.0655000000000001 3.12822107213536 519701378630.234
0.0660000000000001 3.14775763345435 523168167384.297
0.0665000000000002 3.16682104137795 526595665171.439
0.0670000000000001 3.18570688117045 529978756409.879
0.0674999999999999 3.20528444559703 533473094796.466
0.068 3.2246198793613 536918152760.827
0.0685000000000001 3.24408054624434 540399359511.163
0.0690000000000002 3.26431907784677 544009716347.029
0.0695000000000003 3.28318968359451 547395392134.977
0.0700000000000001 3.30190696860297 550753352319.612
0.0705 3.32100408682389 554206451341.435
0.071 3.33928811957707 557491183413.719
0.0715000000000001 3.35829366661451 560919754073.587
0.0720000000000002 3.37676730785683 564257565336.647
0.0725000000000001 3.39424087977077 567413614503.857
0.0729999999999999 3.41265801922508 570753383110.626
0.0735 3.43108118380613 574108770884.195
0.0740000000000001 3.44926431668883 577411915452.055
0.0745000000000001 3.46751388059677 580694886604.464
0.0750000000000002 3.48678410863018 584198461459.797
0.0755000000000001 3.50572926199914 587641701329.84
0.0759999999999999 3.52337890079609 590848053967.475
0.0765 3.54080866766321 594046469224.166
0.0770000000000001 3.55823624170961 597230562567.326
0.0775000000000002 3.57587551118235 600459603410.702
0.0780000000000002 3.59334929769673 603659527419.847
0.0784999999999999 3.61145962141962 606982954934.25
0.079 3.62995779872121 610360875661.229
0.0795 3.64757422371178 613583904215.422
0.0800000000000001 3.6648220717806 616762541490.808
0.0805000000000002 3.68240143260009 620008458446.468
0.0810000000000003 3.69944758142175 623165233661.265
0.0814999999999999 3.71746835863736 626471662265.004
0.082 3.73473196980072 629668604751.147
0.0825000000000001 3.75225516185777 632908231996.14
0.0830000000000002 3.76912263969211 636024455463.472
0.0835000000000002 3.78649317886835 639244843664.857
0.0840000000000001 3.8030813154212 642327530361.977
0.0844999999999999 3.82086535470539 645620247275.903
0.085 3.83760487395821 648732036919.776
0.0855000000000001 3.85499780992774 651965959836.256
0.0860000000000002 3.8719414289615 655131973457.11
0.0865000000000003 3.88914307132485 658323104338.637
0.0869999999999999 3.90622706275964 661513021442.493
0.0875 3.92150595644718 664420799082.026
0.0880000000000001 3.93461408083557 667006813554.707
0.0885000000000001 3.95046922786177 669990366906.929
0.0890000000000002 3.96631557902617 672994277072.967
0.0895000000000001 3.98053849044773 675773362792.405
0.0899999999999999 3.9939837830885 678357708786.521
0.0905 4.00822027610133 681102985479.119
0.0910000000000001 4.0207653085674 683589941988.753
0.0915000000000002 4.03347461344146 686099210710.835
0.0920000000000002 4.04478494209471 688390596849.861
0.0925000000000001 4.05602422316733 690641098182.317
0.0929999999999999 4.06679553055166 692839826699.328
0.0935 4.07626587413207 694864452432.963
0.0940000000000001 4.0851980431046 696690710829.507
0.0945000000000002 4.09278097104176 698429460612.344
0.0950000000000003 4.09931918308877 699981681345.994
0.0954999999999999 4.10104557002203 700674078771.087
0.096 4.10660568915767 702066187231.868
0.0965 4.1080679494659 702757218635.685
0.0970000000000001 4.10689738707999 703069526401.383
0.0975000000000002 4.10571604746935 703380935809.769
0.0980000000000003 4.10317208824374 703489141849.272
0.0984999999999999 4.09608875846741 702827405386.878
0.099 4.09028215850799 702492651661.35
0.0995000000000001 4.07990428013927 701243032782.709
0.1 4.07180343677215 700414312839
0.1005 4.05995208685357 699077618775.802
0.101 4.0460112382305 697253603614.401
0.1015 4.02840464143485 694898005341.243
0.102 4.01407285237974 693063295918.109
0.1025 3.99205143208097 690074296542.778
0.103 3.9679773646677 686715770745.348
0.1035 3.94605699166709 683615179471.015
0.104 3.9197141489606 679962352055.697
0.1045 3.88668056765761 675141506274.701
0.105 3.86045634868879 671496572596.938
0.1055 3.82764864441889 666769802745.049
0.106 3.7886326104498 660908641684.033
0.1065 3.74801629830959 654874024314.087
0.107 3.70554998691732 648595373129.432
0.1075 3.6568714490241 641174823070.742
0.108 3.61423793917542 634939624652.284
0.1085 3.5555827121972 625965029239.817
0.109 3.49488750510472 616818197157.905
0.1095 3.43781814483381 608085297375.75
0.11 3.37555745435339 598495303494.708
0.1105 3.31109597891836 588619602070.876
0.111 3.23221695016857 576376289128.761
0.1115 3.14666440599883 562798197108.495
0.112 3.06456427334832 549859039544.472
0.1125 2.98147257074951 536439743011.445
0.113 2.89194661615721 522294146994.56
0.1135 2.80587730996945 508543616915.571
0.114 2.70718349056662 492695247213.282
0.1145 2.61863363202263 478367907327.207
0.115 2.51790876039593 462140639362.164
0.1155 2.40908778972628 444414458872.687
0.116 2.302756139497 427121988071.135
0.1165 2.18031272629653 407073804810.34
0.117 2.06627912254025 388255583886.052
0.1175 1.94654052933401 368486842025.827
0.118 1.83830667408373 350436765686.85
0.1185 1.71063520904546 329402714793.12
0.119 1.58292931693502 307988719179.64
0.1195 1.46936563081777 288856508245.186
0.12 1.34732087996399 268267428140.394
0.1205 1.22601587536854 247649029899.481
0.121 1.10224701316457 226757029999.272
0.1215 0.985513176557681 206651284787.37
0.122 0.881574906516443 188784199770.17
0.1225 0.782505870333249 171623974267.156
0.123 0.682919377268533 154471061199.282
0.1235 0.608123309295036 141197459390.356
0.124 0.539583465873559 129271714434.059
0.1245 0.495387474972781 121460464405.128
0.125 0.460290908143468 115425778043.536
0.1255 0.421557146478709 108790622070.401
0.126 0.358606213733514 97711587645.8259
0.1265 0.316672346441576 90549507575.8592
0.127 0.278440816183819 83808043724.4244
0.1275 0.240488904974 77264314639.2899
0.128 0.225291144904817 74369279736.6083
0.1285 0.189290992256852 68286792359.9751
0.129 0.167439349664061 64248567687.6123
0.1295 0.139540581470791 59371277304.2233
0.13 0.117246003962324 55276496990.495
0.1305 0.114877953134389 54894616578.5632
0.131 0.100791691378735 52184525374.7017
0.1315 0.107502210396412 53077447692.0174
0.132 0.0920696381083507 50810775307.6053
0.1325 0.0831384328918783 48867513645.4517
0.133 0.0969498014680092 51415170921.2427
0.1335 0.0802085807754309 48482331902.8878
0.134 0.0740454079252127 47184658726.5764
0.1345 0.0671079344485904 45790837392.1721
0.135 0.0339187263540252 39925826014.1455
0.1355 0.026642659450874 38347208158.3473
0.136 0.0235927886304432 37933407423.2616
0.1365 0.0388114541386455 40377379517.8248
0.137 0.0531964588689164 42735637354.8151
0.1375 0.0399818848409419 40210805086.0567
0.138 0.0444184753925682 41205413273.0833
0.1385 0.0286886947966046 38406003174.4689
0.139 0.0327342083741726 39059050902.5787
0.1395 0.0356988908626094 39296997860.7701
0.14 0.0301981039306055 38301016186.418
0.1405 0.0402797170135757 39945423335.2521
0.141 0.0609368732611578 43618549444.863
0.1415 0.0651495616889441 44372929452.5329
0.142 0.0692073278931802 44769987411.6009
0.1425 0.0611488501864696 43423471099.087
0.143 0.0521506320020912 41882514976.4253
0.1435 0.0300316527178515 37712074892.9339
0.144 0.0287014246796747 37298912843.8312
0.1445 0.0324659051698083 37783903509.1366
0.145 0.0483280617781226 40446307561.7466
0.1455 0.0576655407816198 42363165320.7824
0.146 0.0626560148240361 43169012225.2108
0.1465 0.0628720495088593 43026198921.7384
0.147 0.0516525600514465 41070846264.0773
0.1475 0.0646593981574504 43777454914.1425
0.148 0.055461073060633 41496331723.6505
0.1485 0.0624244833661047 42723975731.9684
0.149 0.0486372224706713 40512697860.0671
0.1495 0.0549907249656455 41510144662.9278
0.15 0.0591590625890467 41883763365.1643
0.1505 0.0538706295568904 41063413866.2214
0.151 0.0577082653329363 41407262708.8749
0.1515 0.0608777940443613 42524208225.8142
0.152 0.0706772336992177 44066762436.9849
0.1525 0.0784003634043105 45498576370.5237
0.153 0.0743294740021135 44606422138.9844
0.1535 0.0692833922396123 43763209699.8171
0.154 0.0777211499342863 45132000279.3909
0.1545 0.086271778607558 46871387055.2584
0.155 0.0924586921694092 48007090021.3064
0.1555 0.0923754626447231 47870396568.32
0.156 0.0945987340456618 48169426766.1591
0.1565 0.108588011285731 50761628181.9286
0.157 0.0931011821334545 47886792183.5487
0.1575 0.111258303360791 51003873756.9004
0.158 0.108305355421143 50559541774.5758
0.1585 0.114197603430247 51863776669.4496
0.159 0.115685134127861 52087951680.4921
0.1595 0.136031645462861 55370262721.5931
0.16 0.126504063158067 53963196447.6766
0.1605 0.139038520748864 55842234686.1407
0.161 0.13366556504647 55083741927.6807
0.1615 0.126720737553993 53842750907.2648
0.162 0.115817778196469 52073704135.2951
0.1625 0.12164764294478 52798940365.689
0.163 0.132320307325144 54816374801.0642
0.1635 0.141320656511567 56298767141.8159
0.164 0.14308788141825 56698016222.1308
0.1645 0.147716262762881 57427828115.2378
0.165 0.147997838543156 57548849245.1101
0.1655 0.142276976217801 56652230976.368
0.166 0.140735548984864 56280580309.2737
0.1665 0.145861669194525 56970862354.826
0.167 0.135837063492073 55388376835.8233
0.1675 0.136950312240496 55584274095.6842
0.168 0.143847827792137 56920906247.5415
0.1685 0.147387189135191 57670464471.5125
0.169 0.156612368525567 59292274056.2986
0.1695 0.15188007362951 58557807286.4809
0.17 0.150385462891308 58028746014.3994
0.1705 0.14617877709492 57510840972.2616
0.171 0.144735473880601 57092787609.9884
0.1715 0.14336465621851 56784852265.945
0.172 0.131705557704148 54707106910.1004
0.1725 0.136286611476888 55527957799.9255
0.173 0.143897165412061 56810698763.7981
0.1735 0.141751108188262 56191211429.0037
0.174 0.149857835921921 57758812938.3816
0.1745 0.13936713377353 56017934289.9929
0.175 0.140434133011438 56202782105.3729
0.1755 0.130845073764699 54335326334.0159
0.176 0.13638429583322 55408876928.0082
0.1765 0.132438921685045 54430086272.3332
0.177 0.129734673514813 54125812601.0378
0.1775 0.122108541423118 52934490207.6061
0.178 0.127865505294857 53819464183.4238
0.1785 0.127096409145373 53745295108.9218
0.179 0.125731752447206 53550982570.752
0.1795 0.12381510895429 53168398481.1426
0.18 0.12520141887128 53378252599.1591
0.1805 0.129722768257232 53892836498.2951
0.181 0.127353496121003 53583083264.401
0.1815 0.13395940838006 54751190858.6386
0.182 0.133851781351589 54825409430.4964
0.1825 0.139453023857068 55842096608.0121
0.183 0.139192014989304 55847414702.6109
0.1835 0.146661324287132 57199934472.8352
0.184 0.152645924325996 58457368956.7924
0.1845 0.152696377878634 58294079632.585
0.185 0.162096115820358 60150564729.2107
0.1855 0.155962165851335 58842374994.3814
0.186 0.16486469681298 60394966097.6342
0.1865 0.169360187382434 61474524258.1726
0.187 0.170589136479974 61537242309.998
0.1875 0.167356137743937 60982453621.6793
0.188 0.183778484218671 64158738500.8259
0.1885 0.185145453487828 64493852765.3891
0.189 0.176578595296843 62990422399.8042
0.1895 0.179530067937802 63461418782.1616
0.19 0.182722352068958 63943911684.7747
0.1905 0.180187060150061 63827995973.9532
0.191 0.181894523523593 64043099891.5046
0.1915 0.180829370626822 63810619213.0097
0.192 0.175441986253249 62996309541.28
0.1925 0.1792469911011 63225061615.5669
0.193 0.176896906140808 63014603134.5642
0.1935 0.176340789521632 62834988250.9146
0.194 0.168905340443246 61447162096.0456
0.1945 0.172483348177803 62249982038.7405
0.195 0.178136253319215 63662224438.0148
0.1955 0.166281833144145 61097659588.403
0.196 0.171843538623786 62377788984.3774
0.1965 0.180270955393689 63817370421.1556
0.197 0.187255641844928 65172330879.1574
0.1975 0.183001950780251 64407637786.2926
0.198 0.177588293441519 63316657494.7994
0.1985 0.160461381942463 59985053136.9383
0.199 0.169710604900958 61729670855.5421
0.1995 0.162537202971486 60364919524.152
0.2 0.166431575033774 61287569157.7932
0.2005 0.148619769335156 57879066237.4906
0.201 0.160490707030282 59883510696.4047
0.2015 0.160301332776031 60029807476.3322
0.202 0.166561737972878 61077488034.8551
0.2025 0.161253317410452 60248530171.4821
0.203 0.154704170915156 58976361444.5275
0.2035 0.162046520563682 60233662214.218
0.204 0.154283128383331 58703403814.3834
0.2045 0.169404524087076 61538949306.8885
0.205 0.171657639383886 62029320364.1556
0.2055 0.161368729494552 60300496070.81
0.206 0.15901976584392 60100773676.9045
0.2065 0.160769385895315 60150399963.2001
0.207 0.174258915272297 62381790877.7853
0.2075 0.169566625443809 61678627883.3718
0.208 0.178473613732652 63468489867.5128
0.2085 0.175113799289108 63069671217.597
0.209 0.174870208980212 63017458259.1932
0.2095 0.18018534184768 64073760575.2999
0.21 0.172019742513006 62417431462.1974
0.2105 0.169203144533234 61731218786.0608
0.211 0.164378820222424 60820507286.5924
0.2115 0.159008134214509 60002214763.9666
0.212 0.159115985247805 60078733049.5532
0.2125 0.169937660328338 62312237181.3445
0.213 0.177601030421784 63659989542.3882
0.2135 0.185704102796204 64969925496.0904
0.214 0.189530513289746 65769385333.21
0.2145 0.197842990931787 67436535875.2135
0.215 0.181368639700881 64494011190.5192
0.2155 0.180325814356482 64248542830.6721
0.216 0.175341793959335 63287504276.6515
0.2165 0.179696506137401 64173983878.386
0.217 0.179718291217909 63895442101.3902
0.2175 0.195051035207116 66883921896.7569
0.218 0.187192818025822 65550821438.9137
0.2185 0.197411494680159 67501984931.6569
0.219 0.19040077587502 66066053797.2126
0.2195 0.176798275004941 63438845437.1266
0.22 0.181488087035845 64507990870.352
0.2205 0.175147125506951 63188074494.4712
0.221 0.167747606383909 62006923927.4071
0.2215 0.168669504405675 62157088638.8468
0.222 0.174367463751403 63078810398.7158
0.2225 0.176949538131039 63843437835.8741
0.223 0.186171461406647 65277154920.291
0.2235 0.184449846413971 65089512466.5837
0.224 0.183603757150539 65028790939.3761
0.2245 0.182294118299034 64878569629.7008
0.225 0.184346962997531 65055139587.973
0.2255 0.184753445727605 65134845864.0544
0.226 0.187959691372814 65660378411.364
0.2265 0.183078832556671 64955122199.8416
0.227 0.18185410392027 64623526829.225
0.2275 0.177892892761962 63850561246.1703
0.228 0.191853773943212 66610838268.6524
0.2285 0.171005809919799 62664572964.9279
0.229 0.176241337933447 63359483766.0718
0.2295 0.180382763696205 64282378558.4994
0.23 0.177242041384995 63789121397.3163
0.2305 0.183485481846058 65055112543.5988
0.231 0.17279946731963 62982441113.9943
0.2315 0.180840362623829 64515743494.3039
0.232 0.18815320170719 65966566376.5329
0.2325 0.194696691869987 67202965720.7225
0.233 0.202736494719975 68661807663.5609
0.2335 0.194589585166805 67025816015.4012
0.234 0.20631261528367 69380987646.2556
0.2345 0.207693918443456 69757321036.5744
0.235 0.214349323663404 70970363810.0029
0.2355 0.214218946024775 71038710368.7372
0.236 0.204202394822931 69024030188.8723
0.2365 0.204691344271228 69228755318.3414
0.237 0.202397037784141 68791852210.1186
0.2375 0.204213367947635 68912498165.7996
0.238 0.202868861963901 68981859778.5939
0.2385 0.201114513212972 68788784645.9424
0.239 0.199067924573297 68291598915.0784
0.2395 0.211693767071869 70830759244.8503
0.24 0.207132526857314 69717756217.035
0.2405 0.20785778509073 69938886154.6757
0.241 0.21785865608769 72395494020.6358
0.2415 0.219604947652249 72415409010.6503
0.242 0.21770670332287 72056763539.1365
0.2425 0.212772079229185 71039648410.6998
0.243 0.209707418252691 70725614601.033
0.2435 0.20862117711832 70400740401.144
0.244 0.191975503190568 67364547565.6743
0.2445 0.188203234159559 66654699956.1423
0.245 0.199467217559543 68575756900.5126
0.2455 0.204620774802175 69677518340.6618
0.246 0.195921892340601 67691338491.3684
0.2465 0.20986356078678 70492026971.0719
0.247 0.212510980567659 71011875596.6792
0.2475 0.208200260285936 70220258632.939
0.248 0.213656872769438 71328610115.285
0.2485 0.203370452060227 69403793720.2382
0.249 0.206892538457242 70275799813.0249
0.2495 0.216286804441863 71951689263.055
0.25 0.216443327496085 71978373774.5376
