# Fix print output for fix def1
-5.57998700327767e-16 0.00898824614930112 3368050026.29086
0.000499999999999456 0.0387747630456446 7994868649.87046
0.000999999999999471 0.0671612059215588 12418489851.6105
0.00149999999999949 0.0963800842821784 16961252733.7382
0.0019999999999995 0.123346902942074 21170359304.9418
0.00249999999999951 0.152637673066089 25752121412.4557
0.00299999999999953 0.179704950860012 29985980376.5501
0.00349999999999954 0.208904139605972 34542968642.7051
0.00399999999999944 0.235690893489879 38728038111.6827
0.00449999999999946 0.264425291070114 43234481046.8268
0.00499999999999947 0.291472999945553 47481648968.9546
0.00549999999999938 0.32016340845743 51976623310.7199
0.00599999999999939 0.345998958670276 56055209731.1613
0.00649999999999941 0.374501590512337 60533871175.1833
0.00699999999999942 0.401869125626234 64837556663.4828
0.00749999999999943 0.429778524742352 69236571940.6978
0.00799999999999945 0.457756065050627 73652691892.8004
0.00849999999999946 0.484033307932131 77815972111.1034
0.00899999999999948 0.512651017056511 82330945396.1076
0.00949999999999949 0.538349632476549 86401953828.8004
0.00999999999999951 0.567206177162134 90964105654.6429
0.0104999999999995 0.592932875867866 95045628901.2353
0.0109999999999995 0.620840697991198 99479085721.6144
0.0114999999999995 0.647050454410976 103635286362.016
0.0119999999999993 0.674206167526582 107966736347.91
0.0124999999999994 0.701397496227757 112296175045.889
0.0129999999999994 0.726937048732904 116371977101.797
0.0134999999999994 0.756061427997341 121003716885.96
0.0139999999999994 0.780319942415279 124885924782.226
0.0144999999999994 0.80854566089485 129408395568.947
0.0149999999999994 0.834935035688938 133620628040.342
0.0154999999999994 0.86081700678062 137763722847.799
0.0159999999999995 0.889161658563253 142310226502.151
0.0164999999999995 0.914256689334484 146339091804.371
0.0169999999999995 0.941594730204648 150715746346.061
0.0174999999999995 0.968358140159327 155034820313.779
0.0179999999999995 0.993476215416279 159078606759.966
0.0184999999999995 1.02087787888307 163499127624.037
0.0189999999999995 1.04642488892995 167613451244.517
0.0194999999999996 1.07206111862281 171749656719.551
0.0199999999999993 1.09960811774851 176201878995.444
0.0204999999999994 1.12392297519402 180135343684.152
0.0209999999999994 1.15049552605511 184437625273.297
0.0214999999999994 1.17750454994141 188820029722.02
0.0219999999999994 1.20103878951853 192649640118.366
0.0224999999999994 1.22796000901973 197014684928.252
0.0229999999999994 1.25466448743636 201347778227.699
0.0234999999999994 1.27810153627931 205179378421.139
0.0239999999999995 1.30460652364207 209473908117.652
0.0244999999999995 1.33139690783654 213867242887.545
0.0249999999999995 1.35456217749803 217635721134.251
0.0254999999999995 1.38074522524704 221932336654.983
0.0259999999999995 1.40792252393358 226362033901.791
0.0264999999999995 1.43141665227538 230224907490.863
0.0269999999999995 1.45524436714077 234121778245.31
0.0274999999999993 1.48323097011979 238711866922.862
0.0279999999999994 1.50836130723103 242839281191.221
0.0284999999999994 1.53023973662927 246466627469.261
0.0289999999999994 1.55698860862963 250845366042.89
0.0294999999999994 1.58339728087472 255200675382.778
0.0299999999999994 1.60653071831229 259020235320.173
0.0304999999999994 1.63006115049698 262907980390.062
0.0309999999999994 1.65636013144109 267255782299.408
0.0314999999999995 1.68087913990684 271299084462.145
0.0319999999999995 1.70326312131254 275012421827.555
0.0324999999999995 1.72778272518119 279097995932.731
0.0329999999999995 1.75386827849639 283407287950.878
0.0334999999999995 1.778907451555 287565528101.733
0.0339999999999995 1.80117769467263 291275784851.716
0.0344999999999995 1.82404448468058 295093468116.806
0.0349999999999996 1.84960907282433 299356646605.976
0.0354999999999996 1.87466964457017 303525222776.246
0.0359999999999996 1.89730022545268 307318523863.954
0.0364999999999996 1.91920749561813 310959381858.171
0.0369999999999996 1.94333014926044 315012972303.987
0.0374999999999996 1.96819411008742 319163900626.324
0.0379999999999996 1.9921738793425 323203203903.165
0.0384999999999997 2.01444611562127 326930937733.356
0.0389999999999997 2.0368223765227 330700740566.486
0.0394999999999995 2.06032388306091 334659675412.748
0.0399999999999993 2.08483280790878 338785271120.093
0.0404999999999993 2.10903529234137 342850250461.326
0.0409999999999993 2.13188482924656 346711089202.846
0.0414999999999993 2.15380552082805 350420114904.74
0.0419999999999993 2.1760146311908 354187744028.523
0.0424999999999993 2.19822703514014 357941340062.528
0.0429999999999993 2.22206203775587 361970972110.48
0.0434999999999994 2.24563750285554 365970260909.067
0.0439999999999994 2.26851764751133 369857262304.784
0.0444999999999994 2.29029827763916 373562172090.542
0.0449999999999994 2.31212759432987 377289456955.187
0.0454999999999994 2.33434891108237 381075522068.625
0.0459999999999994 2.35739261494012 385009505720.298
0.0464999999999994 2.3807356658138 388975764279.133
0.0469999999999995 2.40320733448684 392817728721.854
0.0474999999999995 2.4254621033914 396636829005.96
0.0479999999999995 2.44717075726716 400355914974.232
0.0484999999999995 2.46884304510265 404075621253.621
0.0489999999999995 2.4899192467876 407695627645.676
0.0494999999999995 2.51187216811284 411462119133.336
0.0499999999999995 2.53384473335008 415242985502.172
0.0504999999999996 2.55587247256215 419040815518.176
0.0509999999999996 2.57793764352604 422846311149.99
0.0514999999999996 2.59976480535102 426601793999.971
0.0519999999999996 2.62150665875541 430354895078.361
0.0524999999999996 2.64302821832154 434077121679.984
0.0529999999999996 2.66417292294896 437746045992.882
0.0534999999999996 2.68519900074563 441395645937.041
0.0539999999999997 2.70695949934264 445162442220.942
0.0544999999999997 2.72775119824805 448781344148.692
0.0549999999999995 2.74891290896888 452460535770.716
0.0554999999999993 2.77057273213311 456231180428.975
0.0559999999999993 2.79192096477716 459948594649.376
0.0564999999999993 2.81370509072045 463738965362.248
0.0569999999999993 2.83384837118503 467264839031.146
0.0574999999999993 2.85429437227327 470833805868.662
0.0579999999999993 2.87509189937509 474482754779.512
0.0584999999999993 2.89581693921554 478104189092.456
0.0589999999999994 2.91656107996741 481760923914.538
0.0594999999999994 2.93705156235006 485345569980.542
0.0599999999999994 2.95744833146553 488936480795.459
0.0604999999999994 2.97798378664735 492545615197.486
0.0609999999999994 2.99761243964418 496007815465.644
0.0614999999999994 3.01820895699142 499644492572.637
0.0619999999999994 3.03882576884988 503289029325.624
0.0624999999999995 3.05900404032824 506846428622.116
0.0629999999999995 3.07866298360052 510327204885.064
0.0634999999999995 3.09882994407387 513889109492.323
0.0639999999999995 3.11829602285461 517347375929.46
0.0644999999999995 3.1378709431261 520835106406.093
0.0649999999999995 3.15773990368031 524369966957.391
0.0654999999999995 3.17731731699269 527845483946.853
0.0659999999999995 3.1968070440364 531318770434.02
0.0664999999999996 3.21658202798383 534852245789.961
0.0669999999999996 3.23659301674405 538412259864.023
0.0674999999999996 3.25623405616587 541922660016.626
0.0679999999999996 3.27578139902571 545416878912.555
0.0684999999999996 3.29568845533161 548969066237.365
0.0689999999999996 3.31575821066481 552568752963.907
0.0694999999999996 3.33518711793241 556044251717.28
0.0699999999999997 3.35477144510547 559557450675.349
0.0704999999999992 3.37407267032744 563043007232.695
0.0709999999999992 3.39289103298415 566438804959.735
0.0714999999999993 3.41199130661628 569880872483.417
0.0719999999999993 3.43046197930166 573204108268.022
0.0724999999999993 3.44920054237732 576604084263.696
0.0729999999999993 3.46725506769363 579873451251.744
0.0734999999999993 3.48595773952185 583256426383.046
0.0739999999999993 3.50436670076887 586598071058.489
0.0744999999999993 3.52288378480075 589971565274.813
0.0749999999999994 3.54132988889705 593321745668.779
0.0754999999999994 3.56027190307541 596763400507.34
0.0759999999999994 3.57861619671409 600109453845.937
0.0764999999999994 3.59682198499179 603429313745.521
0.0769999999999994 3.61479434706345 606704838239.422
0.0774999999999994 3.63314897453098 610070450463.362
0.0779999999999994 3.65108337208546 613336798253.277
0.0784999999999995 3.6693766320302 616688355454.458
0.0789999999999995 3.68739125418092 619994007979.971
0.0794999999999995 3.70517654818317 623259035986.807
0.0799999999999995 3.72307181941448 626546438055.499
0.0804999999999995 3.74119134948244 629881703197.278
0.0809999999999995 3.75924777831608 633204560869.052
0.0814999999999995 3.77678052515192 636444672285.915
0.0819999999999996 3.7943006192439 639674962090.631
0.0824999999999996 3.81217194750789 642978750329.519
0.0829999999999996 3.82979075848106 646233662811.88
0.0834999999999996 3.84736132516053 649494648831.027
0.0839999999999996 3.86450971148199 652672401880.849
0.0844999999999996 3.88212184063516 655948241318.671
0.0849999999999996 3.89965824803129 659197024261.949
0.0854999999999994 3.91706932716149 662442349115.813
0.0859999999999992 3.93421548658974 665638275548.888
0.0864999999999992 3.95094718325229 668777280243.16
0.0869999999999993 3.96808294724618 671966660642.259
0.0874999999999993 3.98490663632848 675124560533.367
0.0879999999999993 4.00173754491003 678265724960.958
0.0884999999999993 4.01853841647031 681430448014.628
0.0889999999999993 4.03537832755937 684580268150.593
0.0894999999999993 4.05212698590317 687727705171.236
0.0899999999999993 4.06877674429179 690850115561.375
0.0904999999999994 4.08544483627611 694016843810.721
0.0909999999999994 4.10186590500106 697101607883.531
0.0914999999999994 4.1186756102461 700288578348.116
0.0919999999999994 4.13508376639391 703370216589.31
0.0924999999999994 4.15158559287728 706496585555.131
0.0929999999999994 4.16784840401615 709581236732.514
0.0934999999999994 4.18456223446778 712743113073.114
0.0939999999999995 4.20054707626383 715784094042.738
0.0944999999999995 4.21628319666776 718765615538.283
0.0949999999999995 4.23265057480528 721906397305.614
0.0954999999999995 4.24887574497147 724982878612.767
0.0959999999999995 4.26470916232222 728014315120.479
0.0964999999999995 4.28109234390749 731129577807.19
0.0969999999999995 4.29650317007514 734085257054.049
0.0974999999999996 4.31205363135843 737077006674.832
0.0979999999999996 4.32760113610453 740060329821.208
0.0984999999999996 4.34382767332266 743179176739.893
0.0989999999999996 4.35963688677481 746195944178.763
0.0994999999999996 4.37475144516963 749127193972.367
0.0999999999999996 4.39062442424637 752182363360.112
0.1005 4.40601851507549 755145053105.11
0.100999999999999 4.42051191047461 757956678928.847
0.101499999999999 4.43605289990815 760965782012.536
0.101999999999999 4.45108956713862 763881273426.946
0.102499999999999 4.46612315072816 766809430065.526
0.102999999999999 4.48154143839043 769805840102.528
0.103499999999999 4.49682349939691 772762522395.208
0.103999999999999 4.51102625793755 775546072572.073
0.104499999999999 4.52648942257928 778551589395.033
0.104999999999999 4.54169714588095 781507144152.423
0.105499999999999 4.55672273930159 784447592563.635
0.105999999999999 4.57132708843475 787309283135.666
0.106499999999999 4.58593106893812 790170084599.269
0.106999999999999 4.60064488689459 793061858729.344
0.107499999999999 4.61485809886063 795854032654.902
0.107999999999999 4.62970911815655 798776158562.505
0.108499999999999 4.64403442283169 801608934322.441
0.108999999999999 4.65859156086124 804465799118.299
0.109499999999999 4.67271992465586 807270676110.88
0.109999999999999 4.6873676673648 810161382246.996
0.110499999999999 4.69982550909613 812682417118.987
0.111 4.71288265115761 815346267458.45
0.1115 4.72477676844884 817816239345.031
0.112 4.73651447515942 820226050709.829
0.1125 4.74958568519324 822863281706.287
0.113 4.76051514645894 825116057182.165
0.1135 4.77237464751841 827581135971.736
0.114 4.78173585888702 829617100881.554
0.1145 4.7908756747127 831673786679.623
0.115 4.79815452206883 833349379208.347
0.1155 4.80569494607116 835107938769.75
0.115999999999999 4.81095918159142 836563812148.164
0.116499999999999 4.81546899849839 837821554795.617
0.116999999999999 4.81693590791016 838612916846.353
0.117499999999999 4.81491822218386 838903439636.692
0.117999999999999 4.81190356183189 838923678685.164
0.118499999999999 4.80776278680768 838873172593.029
0.118999999999999 4.80006655798144 838129710371.803
0.119499999999999 4.79582132484676 838001372349.282
0.119999999999999 4.78895211301042 837480107459.991
0.120499999999999 4.77682995729672 836032638126.176
0.120999999999999 4.76766176951291 835201709950.025
0.121499999999999 4.74960384543451 832841558530.617
0.121999999999999 4.72768301029613 829962125119.17
0.122499999999999 4.70500259922777 826901710372.829
0.122999999999999 4.67772726873741 823027683373.943
0.123499999999999 4.65079082972667 819232729534.531
0.123999999999999 4.62114731323375 815153968996.074
0.124499999999999 4.58720972898887 810190140416.099
0.124999999999999 4.54777396138602 804490094486.743
0.125499999999999 4.50671027518885 798528886824.004
0.125999999999999 4.469832052311 793091503020.04
0.1265 4.42419933115076 786290281325.757
0.127 4.37455162658213 778874314550.797
0.1275 4.3189369731555 770537917293.67
0.128 4.26382023759064 762337431280.234
0.1285 4.20043956656419 752724488034.168
0.129 4.12860849225259 741842215101.314
0.1295 4.04910611389527 729411092911.648
0.13 3.97205135629549 717924180817.83
0.1305 3.88182952312191 704056189206.951
0.131 3.8015852266963 691618763876.757
0.131499999999999 3.71151761480058 677744891324.776
0.131999999999999 3.61136121156911 662050397495.722
0.132499999999999 3.50444966579806 645069437505.346
0.132999999999999 3.4065206831216 629850290748.541
0.133499999999999 3.29804527289695 612742454422.045
0.133999999999999 3.1846702392685 594833660599.211
0.134499999999999 3.05921284838758 574776753201.563
0.134999999999999 2.94411854431559 556690633676.269
0.135499999999999 2.79666057169725 533010426661.761
0.135999999999999 2.66406895683849 511476446930.461
0.136499999999999 2.51832563875485 487793844212.694
0.136999999999999 2.36894387533853 463218595120.716
0.137499999999999 2.21971239563335 438861924981.359
0.137999999999999 2.06763197493857 413258720503.478
0.138499999999999 1.90991183298707 386817882473.348
0.138999999999999 1.7411767274103 358722461827.221
0.139499999999999 1.57972542718993 331100095996.179
0.139999999999999 1.42672117018081 305052261983.566
0.140499999999999 1.26116492637841 276536956746.042
0.140999999999999 1.11682368450446 251630967184.421
0.141499999999999 0.943898727181079 221761661561.298
0.141999999999999 0.794928824584465 195493868074.035
0.1425 0.660418646315115 172021877158.888
0.143 0.540159703964596 150794050746.332
0.1435 0.448903375202802 134937219662.154
0.144 0.392170018922198 124778702500.809
0.1445 0.304450673176987 109230091068.932
0.145 0.241622889249292 98247253919.628
0.1455 0.193592095041653 89683083362.5966
0.146 0.147871717862145 81741731720.1802
0.146499999999999 0.102679670625881 73653399231.1906
0.146999999999999 0.0589563006499874 65834964715.0881
0.147499999999999 0.0390658135614144 62174951480.911
0.147999999999999 -0.00875151652627884 53752506126.957
0.148499999999999 -0.0498229730549584 46169229529.9704
0.148999999999999 -0.0727331642972962 41264968903.0972
0.149499999999999 -0.0998229955859641 36319951397.5613
0.149999999999999 -0.1184140381504 32665935464.4518
0.150499999999999 -0.123365896640595 31054355257.3951
0.150999999999999 -0.14734787861384 26344258292.7915
0.151499999999999 -0.137639278913567 27793796802.0736
0.151999999999999 -0.134471588162709 27840315149.6093
0.152499999999999 -0.144913998294867 25706253869.3339
0.152999999999999 -0.130241980189166 27998618505.4364
0.153499999999999 -0.13534481449735 26638610059.0903
0.153999999999999 -0.142898179590358 25244006323.8342
0.154499999999999 -0.121167414691057 28828720722.3676
0.154999999999999 -0.123779906046579 28102646255.7077
0.155499999999999 -0.11770125347846 29116210236.8573
0.155999999999999 -0.122606996099689 27916451520.5679
0.156499999999999 -0.120426200606931 28207523907.5801
0.156999999999999 -0.10105394948044 31219930302.84
0.1575 -0.0869803937446681 33339038905.4043
0.158 -0.064690920700805 37184842557.0939
0.1585 -0.0565533052056838 38771498224.521
0.159 -0.0484377279859183 40034486328.4064
0.1595 -0.0454876091382963 40213849868.905
0.16 -0.0446639842547661 40325641008.0513
0.1605 -0.0487820050700529 39652360482.5025
0.161 -0.0396325217634155 41409013866.8911
0.1615 -0.032557984248596 42686219040.8783
0.161999999999999 -0.0410453772844582 40812015645.8178
0.162499999999999 -0.0400112191922541 41138729397.2917
0.162999999999999 -0.0409674541833812 40570589423.2715
0.163499999999999 -0.0452313427695614 40027813302.9292
0.163999999999999 -0.0375171035346329 41208684575.8447
0.164499999999999 -0.019845401894588 44192328147.3156
0.164999999999999 0.00243328885058704 48172137278.5513
0.165499999999999 -0.00276213931746786 47324919099.299
0.165999999999999 -0.0159468662791423 44978032443.5957
0.166499999999999 -0.00982019726795259 45745098030.8233
0.166999999999999 0.00876548689572697 49252414614.7933
0.167499999999999 -0.0062182753873951 46679068837.8975
0.167999999999999 -0.0205890925087598 43870940540.2759
0.168499999999999 -0.0444198392415085 39445797978.4479
0.168999999999999 -0.0346514433146263 41251602917.661
0.169499999999999 -0.0177159290995406 44343632352.9099
0.169999999999999 -0.0150503151443167 44624467617.5808
0.170499999999999 -0.0137019037222363 44793308599.4974
0.170999999999999 0.00559692002451284 48369763656.2754
0.171499999999999 0.00406056226114345 48005548542.1481
0.171999999999999 0.00189517614537743 48051639919.029
0.172499999999999 0.0203234437903456 51008058839.4087
0.172999999999999 0.0169782133528068 50318882124.6539
0.1735 0.0108115205092329 49557225887.0961
0.174 0.0248689691439803 52024054960.0818
0.1745 0.0250188914461671 51949921040.5547
0.175 0.037452822398149 54389182343.7104
0.1755 0.0516894725943993 57139347476.5236
0.176 0.0445465164420569 55738116970.6114
0.1765 0.0476167406872783 56207800535.8696
0.176999999999999 0.0370076750603025 54557475315.0812
0.177499999999999 0.0550300513986059 57578501969.0502
0.177999999999999 0.0523698728036718 57113327783.388
0.178499999999999 0.0338491440164079 53858550755.8047
0.178999999999999 0.0299911018506871 52856191096.2485
0.179499999999999 0.0302526891903038 52825956952.2736
0.179999999999999 0.0375653358186488 54149057699.6821
0.180499999999999 0.0355672948504151 53988559845.4085
0.180999999999999 0.0335491382773792 53552814615.0774
0.181499999999999 0.0429238970160024 55028546328.8516
0.181999999999999 0.0565233345441695 57687856532.7373
0.182499999999999 0.0502212610594017 56276212412.4177
0.182999999999999 0.0377223813336284 53785459018.3068
0.183499999999999 0.0591891988145977 58165775472.8735
0.183999999999999 0.0581705695689902 57620631094.0454
0.184499999999999 0.0703499272680368 59845334853.5696
0.184999999999999 0.0573383557330732 57665516579.796
0.185499999999999 0.0545940303642936 57557710430.5786
0.185999999999999 0.0458458220454738 55386453246.1652
0.186499999999999 0.0438173920214332 55014827163.3161
0.186999999999999 0.0553591532302975 57097276120.8866
0.187499999999999 0.0400491592896547 54352261236.4357
0.187999999999999 0.0577461659984513 57425352524.3903
0.1885 0.0698261035431411 59775056081.1028
0.189 0.0678976534127528 59723639690.4938
0.1895 0.0703116961485632 60593619391.8163
0.19 0.0827423094508912 62379789832.166
0.1905 0.084400502401072 62696351960.1254
0.191 0.0758181275435525 60780331036.4572
0.1915 0.0640042923294016 58477829704.6143
0.192 0.0662633813139334 58990864011.5694
0.192499999999999 0.0707341381853877 59862524203.3952
0.192999999999999 0.0750032913212484 60573237315.7613
0.193499999999999 0.0786425077443677 61307642841.422
0.193999999999999 0.0795064912998179 61095784285.5418
0.194499999999999 0.0689629538415743 59592744875.3616
0.194999999999999 0.0577256923612542 57331774353.1805
0.195499999999999 0.0684515604423278 59512908610.2804
0.195999999999999 0.0739736069405827 60058557943.284
0.196499999999999 0.0769564957060179 60735346419.2049
0.196999999999999 0.0832399026755832 61971488317.4857
0.197499999999999 0.0886339678851771 63022440260.3596
0.197999999999999 0.0848266504379972 62204812842.5854
0.198499999999999 0.0986196343978843 64661883889.2788
0.198999999999999 0.0755573080681557 60454163312.7445
0.199499999999999 0.0615098305853711 57707207373.4378
0.199999999999999 0.0643942438639839 58371121128.0242
0.200499999999999 0.059347156342404 57281571784.5028
0.200999999999999 0.0754128424262467 59944309173.9269
0.201499999999999 0.0788743295557801 60897874889.3565
0.201999999999999 0.0907985566452976 62846436126.9245
0.202499999999999 0.096830953406001 64068409560.9783
0.202999999999999 0.100069856734952 64834674861.9409
0.203499999999999 0.0986853637398742 64346972429.7696
0.203999999999999 0.10816974392617 66100998928.227
0.2045 0.0929631794232764 63796219611.413
0.205 0.106056970559493 65520070566.9257
0.2055 0.10481445627164 65341659155.3406
0.206 0.0919954069190577 63088441689.2096
0.2065 0.0947398910692902 63606454929.3678
0.207 0.0933433514332875 63615134646.9153
0.207499999999999 0.0862653558174288 62170566946.7938
0.207999999999999 0.0874019344469456 62786617601.0646
0.208499999999999 0.0897989251748072 62988018725.4066
0.208999999999999 0.0910691421223015 63219763449.7265
0.209499999999999 0.0814872175679575 61098973702.2352
0.209999999999999 0.0920003169977278 63132090136.6345
0.210499999999999 0.0906224942065345 62901949555.9429
0.210999999999999 0.0812386050094011 61324442433.9962
0.211499999999999 0.0807630411057407 61446322534.9007
0.211999999999999 0.0908162544226974 62900396384.6614
0.212499999999999 0.0948366024994789 63993379171.056
0.212999999999999 0.100807603280912 64493522378.5007
0.213499999999999 0.105308731661499 65794408922.2959
0.213999999999999 0.103714837513502 65179600922.855
0.214499999999999 0.0893859468636265 62911774915.3914
0.214999999999999 0.0999285081584941 64836601868.5419
0.215499999999999 0.100110877021064 64718151023.7185
0.215999999999999 0.0924813220849092 63703440807.1995
0.216499999999999 0.101746382471842 65439978414.8651
0.216999999999999 0.0985255185635905 64598278481.907
0.217499999999999 0.106988586379563 66305339699.1958
0.217999999999999 0.101593799412804 65336215859.639
0.218499999999999 0.113418399855374 67432937009.4815
0.218999999999999 0.103280095300232 65534924411.6243
0.2195 0.101570556676774 65026578908.9256
0.22 0.0960935857721855 64225717844.4036
0.2205 0.0897919621687654 63069953618.4116
0.221 0.0986856675064138 64701596183.2629
0.2215 0.0919838072006147 62821437933.0348
0.222 0.114050736963529 67608719594.7717
0.2225 0.103250437207111 65227917888.1565
0.222999999999999 0.0984968772637877 64083822532.57
0.223499999999999 0.0991822539285885 64647770929.1373
0.223999999999999 0.0933494316359553 63559228070.1325
0.224499999999999 0.100940284524423 64867749266.9156
0.224999999999999 0.105097917687906 65659939827.8777
0.225499999999999 0.106391424053483 65808337866.5787
0.225999999999999 0.11433221605094 67231146809.6102
0.226499999999999 0.106829097548512 65800474046.1242
0.226999999999999 0.111819989655262 66501738148.5352
0.227499999999999 0.107489918208546 65625935376.6882
0.227999999999999 0.114140912318912 67132256622.6202
0.228499999999999 0.102531654084142 64992732572.8331
0.228999999999999 0.106009988450224 65671836837.6331
0.229499999999999 0.102843640634149 64850162514.0392
0.229999999999999 0.114565737203721 67071091009.5045
0.230499999999999 0.116011269200219 67361073432.7572
0.230999999999999 0.121210409778572 68513173606.4652
0.231499999999999 0.11760077856545 67870638985.2293
0.231999999999999 0.121149558980698 68282059967.2823
0.232499999999999 0.117267733039121 67768587923.376
0.232999999999999 0.124205702321836 68937107798.6299
0.233499999999999 0.102785942980254 64873060138.7919
0.233999999999999 0.109344774853379 66082452370.2472
0.234499999999999 0.114729855532634 67344247180.2337
0.234999999999999 0.112292628700624 66733969938.4577
0.235499999999999 0.0986210574401872 64260916080.9436
0.236 0.109132334305924 65894153262.647
0.2365 0.114754778075947 66918091231.9185
0.236999999999999 0.10272547525286 64750131570.0449
0.237499999999999 0.105846272526496 65703307215.1745
0.237999999999999 0.120761809815424 68233781311.1141
0.238499999999999 0.112512511767704 66670836750.0275
0.238999999999999 0.112809995341045 66924926697.856
0.239499999999999 0.112640180759674 66383069942.7353
0.239999999999999 0.110933316764979 66450053337.4636
0.240499999999999 0.108304602521789 65801256730.0358
0.240999999999999 0.115733550004344 67158897303.7245
0.241499999999999 0.111098939624599 66283477500.1458
0.241999999999999 0.105377619622282 65181713047.7435
0.242499999999999 0.109932562073547 65940078990.6265
0.242999999999999 0.117234412085534 67241669375.8947
0.243499999999999 0.112205332918761 66198670933.2848
0.243999999999999 0.108944349152865 65851279526.7481
0.244499999999999 0.111716358429384 66147363669.7617
0.244999999999999 0.115686325661257 66795947178.1882
0.245499999999999 0.115673703748681 67125071616.5115
0.245999999999999 0.116131201161377 67094636947.4761
0.246499999999999 0.120630063892675 68231765613.436
0.246999999999999 0.133833517832497 70659660242.1396
0.247499999999999 0.116188237649472 66951479991.1418
0.247999999999999 0.125885614054377 69205279866.9537
0.248499999999999 0.127831991601571 69333256477.6549
0.248999999999999 0.112472810667967 66394422267.7677
0.249499999999999 0.12444164113653 68600911877.9802
0.249999999999999 0.126945172129665 69007044895.7559
