# Fix print output for fix def1
-5.57998700327767e-16 0.0091889631269966 3389578618.69062
4.99999534217518e-10 0.00875224878750472 3329484513.79997
9.99999403234257e-10 0.00924879260060125 3400299360.45785
1.49999949545048e-09 0.00884127540073933 3340637519.94446
1.99999947606695e-09 0.00866567830233887 3318716119.31885
2.49999945668343e-09 0.0089092133257069 3352727260.28
2.99999954889965e-09 0.00851499914800689 3303196024.08433
3.49999941791639e-09 0.00947028007299163 3440017335.94567
3.99999951013261e-09 0.00865910943847476 3314261565.38203
4.49999937914935e-09 0.00979710097558456 3491573025.55896
4.99999947136557e-09 0.00847214117380901 3290146603.41946
5.49999945198204e-09 0.0101172372872603 3540481982.83915
5.99999943259852e-09 0.00764511659832544 3147356528.25203
6.49999952481474e-09 0.00905831752224837 3378529324.20786
6.99999939383148e-09 0.00694437490281603 3049039480.6268
7.4999994860477e-09 0.00984445016548269 3504837235.63384
7.99999946666418e-09 0.00845263762141007 3280165488.73993
8.49999944728066e-09 0.0100016937366099 3527274372.64126
8.99999953949688e-09 0.00793983967271951 3200904054.7457
9.49999940851361e-09 0.0103746914395539 3579663851.41022
9.99999950072983e-09 0.00836472543465737 3271190590.73914
1.04999994813463e-08 0.0094090229757492 3433030769.05435
1.09999994619628e-08 0.00828834831929861 3278420714.87516
1.14999994425793e-08 0.00928629083038348 3418975793.22522
1.19999994231957e-08 0.00843847325795284 3288757366.55594
1.2499999515412e-08 0.00952859635214374 3450485804.09072
1.29999993844287e-08 0.00839087146887214 3270811691.82865
1.34999994766449e-08 0.00948515085070083 3446145489.84157
1.39999994572614e-08 0.00859647489941938 3308596591.54507
1.44999994378779e-08 0.00891320284732219 3348225921.08846
1.49999995300941e-08 0.00804765098953585 3215425484.98203
1.54999993991108e-08 0.00852438073421431 3284131174.31517
1.59999994913271e-08 0.00783954771948148 3165390871.68708
1.64999994719435e-08 0.00802166692578659 3222892167.27373
1.699999945256e-08 0.00877167007144439 3334593443.71982
1.74999995447762e-08 0.00900819697340616 3369831925.45636
1.7999999413793e-08 0.00894436757860055 3349150164.65287
1.84999995060092e-08 0.00839918782288512 3269142075.73672
1.89999993750259e-08 0.00859405367387526 3304083400.60246
1.94999994672421e-08 0.00780210779643374 3179679643.29506
1.99999994478586e-08 0.00946668714652534 3435566311.21682
2.04999994284751e-08 0.00821991397056848 3240731338.66406
2.09999995206913e-08 0.00921309897576182 3398769806.89812
2.14999993897081e-08 0.00791631691131777 3184272439.31454
2.19999994819243e-08 0.00922952159563568 3404187820.98651
2.24999994625408e-08 0.00792523425912006 3193631050.87403
2.29999994431572e-08 0.00956989292565812 3450753229.61
2.34999995353735e-08 0.00874526386397907 3322850833.50482
2.39999994043902e-08 0.0103514859092609 3577112606.40472
2.44999994966064e-08 0.00950498540736659 3442606822.95985
2.49999994772229e-08 0.0105686470005219 3610540725.40868
2.54999994578394e-08 0.00897493352379055 3359874166.65627
2.59999994384559e-08 0.00914626005106921 3375607561.19908
2.64999994190723e-08 0.00815497926304778 3226224392.26615
2.69999995112885e-08 0.00928949428635665 3405114671.54529
2.74999993803053e-08 0.00913839128900896 3392402074.49915
2.79999994725215e-08 0.009683663530231 3471608543.94363
2.8499999453138e-08 0.00960863798320624 3445813109.03764
2.89999994337545e-08 0.00993674683395187 3507313547.0515
2.94999995259707e-08 0.00904836180250545 3350440546.3152
2.99999993949874e-08 0.00942786737181829 3420629124.34074
3.04999994872036e-08 0.00925858637368904 3407815221.59719
3.09999994678201e-08 0.00888443372446558 3339648352.1402
3.14999994484366e-08 0.00890842481134044 3331762672.03611
3.19999995406528e-08 0.00870527394697452 3315757272.4716
3.24999994096696e-08 0.00958697001316955 3446071774.46453
3.29999995018858e-08 0.00883641795195715 3330577853.81738
3.34999994825023e-08 0.00964429280181743 3463843254.1683
3.39999994631187e-08 0.00797141665891694 3206193873.00922
3.44999994437352e-08 0.00932154219590956 3413167673.38768
3.49999994243517e-08 0.00771822795063177 3147916569.32261
3.54999995165679e-08 0.00898776232345269 3354739671.95842
3.59999993855846e-08 0.00722151608981914 3083895085.64662
3.64999994778009e-08 0.00889285161570081 3347534482.8582
3.69999994584173e-08 0.00699748653088802 3047503569.91053
3.74999994390338e-08 0.00958910501603963 3465640012.12793
3.799999953125e-08 0.00740418552804827 3113259610.75642
3.84999994002668e-08 0.0095179829581466 3449473113.70865
3.8999999492483e-08 0.00812916257866603 3234905312.813
3.94999994730995e-08 0.0100948211480025 3540043243.16957
3.9999999453716e-08 0.00882676699276649 3330316383.66242
4.04999994343324e-08 0.00970892759731556 3475752806.06256
4.09999994149489e-08 0.00888658744017046 3349731867.19435
4.14999995071651e-08 0.00939757889866725 3422091315.65564
4.19999993761819e-08 0.00845872906126665 3277198212.4907
4.24999994683981e-08 0.00889224928121849 3341697676.58717
4.29999994490146e-08 0.00859108120217955 3288204244.02901
4.3499999429631e-08 0.00893705331337729 3331795934.97326
4.39999995218473e-08 0.00927796009478959 3418397094.53343
4.4499999390864e-08 0.00923794123429 3409826787.91259
4.49999994830802e-08 0.00983844199339494 3490146522.24891
4.54999994636967e-08 0.00934172298485858 3403237188.69427
4.59999994443132e-08 0.00973158116696651 3472410678.5326
4.64999994249297e-08 0.00856778491754761 3287894202.06299
4.69999994055461e-08 0.00982023215240808 3490556565.72703
4.74999994977624e-08 0.00914218122966678 3387459363.09103
4.79999994783788e-08 0.0101291020207021 3539866774.69574
4.84999994589953e-08 0.00777632750588463 3173851722.17329
4.89999994396118e-08 0.00986769693266563 3502320727.43211
4.94999994202283e-08 0.00722495324730928 3081007167.47005
4.99999995124445e-08 0.00922809278549778 3392386451.67888
5.04999993814612e-08 0.00694012239396083 3035427514.54832
5.09999994736775e-08 0.00897503736195674 3354847266.98037
5.14999994542939e-08 0.00615250361269386 2920616178.60474
5.19999994349104e-08 0.00826483557921531 3246399808.1389
5.24999995271266e-08 0.0059978767756929 2884975135.52488
5.29999993961434e-08 0.00820911086483759 3238497026.69119
5.34999994883596e-08 0.00550642780720836 2812640239.41343
5.39999994689761e-08 0.00764560156100408 3153919638.92879
5.44999994495925e-08 0.0060959206805521 2900923164.16403
5.4999999430209e-08 0.00760809121804806 3141932275.56557
5.54999994108255e-08 0.00647646626187212 2976258631.20525
5.59999995030417e-08 0.00696588105663771 3046331836.30066
5.64999994836582e-08 0.00645715827674579 2968062306.65126
5.69999994642747e-08 0.00667575347813194 2999119142.30811
5.74999994448912e-08 0.00630527519903512 2944988788.9905
5.79999994255076e-08 0.00685230335990055 3024800020.04914
5.84999995177238e-08 0.00671186506637424 3008259447.17787
5.89999993867406e-08 0.00681770927994623 3018998646.51161
5.94999994789568e-08 0.00718208371077566 3076715699.84169
5.99999994595733e-08 0.00647735052713289 2961090614.02548
6.04999994401898e-08 0.00752920998911568 3122789165.32804
6.09999994208062e-08 0.00585352362799396 2878618890.56645
6.14999994014227e-08 0.00753237469126177 3126245236.8987
6.19999994936389e-08 0.00612596463719298 2916200765.42753
6.24999994742554e-08 0.00795719186873316 3198095882.69533
6.29999994548719e-08 0.00650940440026491 2965959746.91043
6.34999994354884e-08 0.00742866341638919 3110533170.14391
6.39999994161049e-08 0.00619418921493095 2913860822.64257
6.44999995083211e-08 0.00785316879502777 3182942278.90137
6.49999993773378e-08 0.00600273900451213 2900649173.67983
6.5499999469554e-08 0.007715266752654 3156258715.80656
6.59999994501705e-08 0.00677562045826741 3012221185.29198
6.6499999430787e-08 0.00838776034130847 3249930851.63613
6.69999995230032e-08 0.00729376518641523 3090718261.2339
6.74999993920199e-08 0.00802278214504752 3214601585.10066
6.79999994842362e-08 0.00699575426369763 3039206860.83668
6.84999994648526e-08 0.0082542175789402 3241132289.59288
6.89999994454691e-08 0.00761345943016056 3141313912.50012
6.94999994260856e-08 0.00862818359532906 3311468437.63232
6.99999994067021e-08 0.00854388413597787 3283936304.86824
7.04999994989183e-08 0.00900359370435613 3355642535.8119
7.09999994795348e-08 0.00893894927573396 3358289167.2106
7.14999994601513e-08 0.00870840826520046 3311651794.18975
7.19999994407677e-08 0.00901516425012727 3363157615.87228
7.24999994213842e-08 0.00806235988459081 3214741718.54365
7.29999995136004e-08 0.00860449660566065 3304944686.21308
7.34999993826172e-08 0.00793506784589166 3203952620.07507
7.39999994748334e-08 0.00937434242827094 3421063520.03769
7.44999994554499e-08 0.0078727480251325 3183782282.36565
7.49999994360663e-08 0.00929932951613554 3404047998.47181
7.54999994166828e-08 0.00699708551582821 3035911731.79162
7.59999993972993e-08 0.00936443330380835 3416857462.51119
7.64999994895155e-08 0.00767348174009711 3148808546.48172
7.6999999470132e-08 0.00963395765625406 3458441122.2024
7.74999994507485e-08 0.00772130238010215 3166514825.16077
7.7999999431365e-08 0.00941221602462035 3415210200.63655
7.84999994119814e-08 0.00735024488554782 3099998625.99374
7.89999995041976e-08 0.00933871159967215 3414818486.0627
7.94999994848141e-08 0.00769769285298675 3163392375.46981
7.99999994654306e-08 0.00914561598829996 3380903404.20038
8.04999994460471e-08 0.00716008315269777 3084912654.97897
8.09999994266636e-08 0.00901418532421656 3368549887.28106
8.14999995188798e-08 0.00773651927279899 3170700227.56574
8.19999993878965e-08 0.00835977619121423 3254007006.52554
8.24999994801127e-08 0.00836384314583179 3267434054.42458
8.29999994607292e-08 0.0084788212979034 3272970963.31601
8.34999994413457e-08 0.00794057657264842 3196144155.00588
8.39999994219622e-08 0.00811849317209975 3230203812.5146
8.44999994025787e-08 0.00801419329701722 3209516443.69858
8.49999994947949e-08 0.00745522245360357 3128649887.14339
8.54999994754114e-08 0.00803316171687877 3219150270.13295
8.59999994560278e-08 0.00732159462741456 3101961450.35907
8.64999994366443e-08 0.00844135185960366 3261741743.01558
8.69999994172608e-08 0.00774388349027774 3152281934.02794
8.7499999509477e-08 0.00897995245915511 3351047843.70015
8.79999993784938e-08 0.0072419994174402 3087746027.50189
8.849999947071e-08 0.0088687095925441 3331358019.68529
8.89999994513264e-08 0.00795020564886907 3181420056.59387
8.94999994319429e-08 0.00975357029109019 3474717539.43776
8.99999994125594e-08 0.00826917366690411 3238717772.69885
9.04999993931759e-08 0.0103001075171798 3557592061.61294
9.09999994853921e-08 0.00849342088248208 3283007708.67583
9.14999994660086e-08 0.010135146074158 3521102756.98316
9.19999994466251e-08 0.0086187699601103 3287722403.25104
9.24999994272415e-08 0.0100407662081801 3503645941.84899
9.2999999407858e-08 0.00921574003545673 3392187178.10953
9.34999995000742e-08 0.0104169837958559 3578780607.77457
9.39999994806907e-08 0.00905031079787429 3372704466.29822
9.44999994613072e-08 0.00951465563800946 3443192269.64031
9.49999994419237e-08 0.00860682245028896 3302792952.61519
9.54999994225401e-08 0.00868565639969497 3317779717.85279
9.59999995147564e-08 0.00931178173374347 3412097758.70616
9.64999993837731e-08 0.00908178297775243 3368330226.1736
9.69999994759893e-08 0.00975656926490194 3477984707.20127
9.74999994566058e-08 0.00906408428519984 3363826447.44127
9.79999994372223e-08 0.00985090769083373 3493587231.80202
9.84999994178388e-08 0.00862154994471382 3302038792.16409
9.89999993984552e-08 0.00974705786649097 3482411712.9782
9.94999994906715e-08 0.00825228286308661 3238434506.2306
9.99999994712879e-08 0.00959903759797451 3442160020.90199
1.00499999451904e-07 0.00898186196702417 3361460508.77443
1.00999999432521e-07 0.0103809546745388 3578090556.82379
1.01499999413137e-07 0.00879400386818375 3324918991.90031
1.01999999505354e-07 0.00995755271901317 3503142853.49981
1.0249999937437e-07 0.00865418525490995 3315192157.94363
1.02999999466587e-07 0.0100771022049512 3517138340.93107
1.03499999447203e-07 0.00806692076288297 3215786968.75105
1.0399999942782e-07 0.00915863946788589 3388083942.19115
1.04499999408436e-07 0.00780480343714954 3165458637.48631
1.04999999389052e-07 0.0088787648627472 3330981963.75439
1.05499999481269e-07 0.00766071008085936 3150875946.57302
1.05999999461885e-07 0.00839541570175495 3262053132.41437
1.06499999442502e-07 0.00834514402976819 3256959680.85624
1.06999999423118e-07 0.00792542557826042 3186889053.82615
1.07499999403735e-07 0.00822986793657822 3244951743.99612
1.07999999495951e-07 0.00754958503018366 3138081026.51816
1.08499999476567e-07 0.00792292489064133 3180032826.47231
1.08999999457184e-07 0.00742058387408572 3108553471.86156
1.094999994378e-07 0.0093214071904867 3405245764.49603
1.09999999418417e-07 0.00807422614521124 3214272170.30213
1.10499999510633e-07 0.00931550888057439 3396706912.10652
1.1099999937965e-07 0.00768094380339984 3135677853.85795
1.11499999471866e-07 0.00937861917017478 3415030660.25628
1.11999999452482e-07 0.00857767026679957 3284853326.80194
1.12499999433099e-07 0.0097455963987492 3484347397.13893
1.12999999413715e-07 0.00806666860565494 3209203554.54104
1.13499999394332e-07 0.0100245906897323 3519113284.75287
1.13999999486548e-07 0.00781217943720781 3164001309.90943
1.14499999467165e-07 0.0106637477767268 3612277214.36087
1.14999999447781e-07 0.00835611893619528 3258728107.32854
1.15499999428397e-07 0.00995174414620059 3495391597.44159
1.15999999409014e-07 0.00892549774289701 3351139691.83011
1.1649999950123e-07 0.00981031313289036 3483404112.98125
1.16999999481847e-07 0.00889447835002723 3347827240.89492
1.17499999462463e-07 0.00930429240257752 3419501631.86139
1.1799999944308e-07 0.00911466452308184 3375050340.97197
1.18499999423696e-07 0.00891837451179352 3342036051.19921
1.18999999404313e-07 0.00893224745460307 3348076867.81697
1.19499999384929e-07 0.00849538518180062 3269511147.69979
1.19999999477145e-07 0.00932684110914975 3408288424.04779
1.20499999457762e-07 0.00818463049533548 3229063865.23042
1.20999999438378e-07 0.0094496438154856 3424432445.62822
1.21499999418995e-07 0.00816299287355759 3223036233.26367
1.21999999399611e-07 0.0100825271286429 3535296807.39057
1.22499999491827e-07 0.00862368264581495 3293307835.25914
1.22999999472444e-07 0.0104047879188595 3578286268.65785
1.2349999945306e-07 0.00862731316659054 3287624946.40896
1.23999999433677e-07 0.0117622232680215 3780644500.88318
1.24499999414293e-07 0.00902200393685781 3351467955.56118
1.2499999939491e-07 0.0121052814870856 3829422033.64958
1.25499999375526e-07 0.0102154774943218 3536693722.59307
1.25999999467742e-07 0.0118735708988625 3794049326.63881
1.26499999448359e-07 0.00916908016991094 3386230809.88253
1.26999999428975e-07 0.0112651814396615 3694773882.99469
1.27499999409592e-07 0.00929724892687139 3396751014.48289
1.27999999390208e-07 0.0113376638276988 3709629871.23179
1.28499999482425e-07 0.00987035314788837 3492244448.89513
1.28999999463041e-07 0.0114254453914585 3725292667.47888
1.29499999443658e-07 0.00990132215851531 3496000846.88743
1.29999999424274e-07 0.0106351745117672 3616667762.78126
1.30499999404891e-07 0.0109859699390477 3658123447.69068
1.30999999497107e-07 0.0108983497885184 3655689565.46499
1.31499999477723e-07 0.0114672298880506 3727059983.84957
1.3199999945834e-07 0.0106630225165366 3613338249.99035
1.32499999438956e-07 0.0124199269516279 3887166597.25018
1.32999999419573e-07 0.0107145615249594 3631972714.17333
1.33499999400189e-07 0.0122825443715915 3852010018.61994
1.33999999380806e-07 0.00967224138536573 3451556429.40772
1.34499999473022e-07 0.0129471427424068 3955139886.84393
1.34999999453638e-07 0.00970172142979104 3464396275.4987
1.35499999434255e-07 0.0125334228811693 3905723253.35759
1.35999999414871e-07 0.00964827013016799 3444973060.74893
1.36499999395488e-07 0.0123523552498543 3874921523.43921
1.36999999487704e-07 0.00844345222602229 3270700627.85922
1.3749999946832e-07 0.0113806972868827 3711252525.76146
1.37999999448937e-07 0.00826733187715705 3240018702.1648
1.38499999429553e-07 0.0105278420739092 3580607281.71397
1.3899999941017e-07 0.00882777214536391 3329080613.0749
1.39499999390786e-07 0.0105176802112445 3589287666.94601
1.39999999483003e-07 0.0095180255093502 3440599045.29567
1.40499999463619e-07 0.0102380746056636 3550258757.63888
1.40999999444236e-07 0.00961646924633637 3440558396.67476
1.41499999424852e-07 0.0103667571576158 3559873884.69522
1.41999999405469e-07 0.00969685829559442 3448237213.48689
1.42499999386085e-07 0.00898827834917474 3339089214.15188
1.42999999478301e-07 0.00965597264393112 3452679589.38622
1.43499999458918e-07 0.00767648408298909 3141380549.14571
1.43999999439534e-07 0.00873763819569469 3311514730.73038
1.44499999420151e-07 0.00691787722162868 3026652671.54227
1.44999999400767e-07 0.00922524553205715 3381721420.82756
1.45499999492983e-07 0.00665629479290329 2981889166.42211
1.459999994736e-07 0.00959781575500516 3440590293.05917
1.46499999454216e-07 0.00642615521730989 2944014411.5672
1.46999999434833e-07 0.00859923449817508 3288761426.50393
1.47499999415449e-07 0.0059548509465229 2865249807.31017
1.47999999396066e-07 0.00922497917722151 3374505872.50022
1.48499999376682e-07 0.00683924788017298 3018687031.46046
1.48999999468898e-07 0.00990144502354777 3488593330.20707
1.49499999449515e-07 0.00684876806431758 3015130088.69125
1.49999999430131e-07 0.00967239639280945 3456390723.97688
1.50499999410748e-07 0.00748324523765596 3123992145.57268
1.50999999391364e-07 0.010144481796118 3518833911.32133
1.51499999483581e-07 0.00830583184569494 3237410275.29894
1.51999999464197e-07 0.00969278474429357 3448496954.49935
1.52499999444814e-07 0.00860546265747037 3293266031.9621
1.5299999942543e-07 0.00927020444561 3386011874.084
1.53499999406046e-07 0.00885704652570217 3327730704.22226
1.53999999386663e-07 0.00864316403930426 3297447822.76208
1.54499999478879e-07 0.00933740741407531 3395777890.07402
1.54999999459496e-07 0.00900272211409341 3340279337.96048
1.55499999440112e-07 0.0103745254364404 3548512261.86127
1.55999999420729e-07 0.00908325125256152 3352743224.61126
1.56499999401345e-07 0.0102876755925413 3556423875.16577
1.56999999381962e-07 0.00910932670748164 3368932687.33192
1.57499999474178e-07 0.0107027071215867 3606027368.65981
1.57999999454794e-07 0.00840663209544843 3257149777.43297
1.58499999435411e-07 0.0103839184132786 3548878269.4595
1.58999999416027e-07 0.00853972746269035 3279275873.3892
1.59499999396644e-07 0.010430835657064 3563583160.45995
1.5999999948886e-07 0.00907289374509017 3364062780.67757
1.60499999469476e-07 0.0118219131465148 3767892866.0191
1.60999999450093e-07 0.00972651341831723 3463191592.63657
1.61499999430709e-07 0.0111073277399824 3675438543.21624
1.61999999411326e-07 0.00971034068221058 3447417428.88764
1.62499999391942e-07 0.0111820343034111 3691452324.34319
1.62999999484159e-07 0.0106830079997907 3607052488.48589
1.63499999464775e-07 0.0105045067129763 3592864382.14371
1.63999999445392e-07 0.0104266081760705 3568764520.67531
1.64499999426008e-07 0.0101397404815091 3528936953.37151
1.64999999406624e-07 0.0110320668818245 3675704343.0644
1.65499999387241e-07 0.0096600184895935 3459238646.98598
1.65999999479457e-07 0.0108597645638298 3631838117.72587
1.66499999460074e-07 0.00954271326586965 3447051750.6026
1.6699999944069e-07 0.0116008173199137 3761650182.41928
1.67499999421307e-07 0.00875933388008308 3311913856.52894
1.67999999401923e-07 0.0112284968671928 3710129864.2096
1.6849999938254e-07 0.00924540232432792 3407290653.68223
1.68999999474756e-07 0.0103539877132146 3553467213.07296
1.69499999455372e-07 0.00843124509064684 3263613992.27343
1.69999999435989e-07 0.0107547683035025 3626724812.44582
1.70499999416605e-07 0.00881646707751762 3324064929.91347
1.70999999397222e-07 0.0104302786746535 3571494953.6955
1.71499999377838e-07 0.0083293912295244 3253209170.33407
1.71999999470054e-07 0.00963163308100883 3454844161.40202
1.72499999450671e-07 0.00832709044105645 3246824369.46328
1.72999999431287e-07 0.00962342224847443 3451614299.51446
1.73499999411904e-07 0.00851198548853083 3263254647.00311
1.7399999939252e-07 0.00841247610266407 3261203512.14153
1.74499999484736e-07 0.00824937781103103 3244767896.05003
1.74999999465353e-07 0.00734661426843696 3092366730.86769
1.75499999445969e-07 0.00759340279114097 3134515515.14478
1.75999999426586e-07 0.00722083009783121 3073196163.77636
1.76499999407202e-07 0.0073615956682532 3102654534.3351
1.76999999387819e-07 0.00706322182174888 3047229728.87595
1.77499999480035e-07 0.0080414859156797 3208790123.01434
1.77999999460652e-07 0.00710020034932987 3050751699.80378
1.78499999441268e-07 0.00782491564881877 3165294773.80952
1.78999999421885e-07 0.00676870575826521 2997431845.83435
1.79499999402501e-07 0.00730394080151675 3078373085.34594
1.79999999383118e-07 0.00596992357531362 2878215422.36864
1.80499999475334e-07 0.00749486500308724 3112990618.72735
1.8099999945595e-07 0.00659048658015046 2969129944.61974
1.81499999436567e-07 0.00797081693794392 3204584454.70714
1.81999999417183e-07 0.00676056687588916 2991825796.26292
1.824999993978e-07 0.00760447966961091 3143089512.17949
1.82999999378416e-07 0.00680861456810878 3010052269.31724
1.83499999470632e-07 0.00732100910945126 3102678030.13825
1.83999999451249e-07 0.00657438344381267 2976268363.27208
1.84499999431865e-07 0.00693936374972867 3041957122.25237
1.84999999412482e-07 0.00690708925250124 3043757020.84722
1.85499999393098e-07 0.00742292575364419 3109289988.7371
1.85999999485314e-07 0.00712034257171579 3056350332.29138
1.86499999465931e-07 0.00733144850304822 3083892986.01337
1.86999999446547e-07 0.00703634321134441 3047464926.43843
1.87499999427164e-07 0.0069852614597892 3033355736.80118
1.8799999940778e-07 0.00695830327122212 3026338498.28137
1.88499999388397e-07 0.00697028938551249 3039662348.75442
1.88999999480613e-07 0.00745903059366905 3101645027.80138
1.8949999946123e-07 0.00713104685647604 3049530896.01538
1.89999999441846e-07 0.00718046887089299 3074090764.82838
1.90499999422463e-07 0.00770440185352337 3153083515.19721
1.90999999403079e-07 0.00750796866902716 3128544521.23905
1.91499999383695e-07 0.00786593738828665 3178178298.66267
1.91999999475912e-07 0.00831992020116681 3250743234.38483
1.92499999456528e-07 0.00873388996374552 3305710222.76439
1.92999999437145e-07 0.00856104962808397 3278456046.45735
1.93499999417761e-07 0.00892236630517214 3339340048.88547
1.93999999398378e-07 0.00915354988319639 3379661146.44661
1.94499999378994e-07 0.00890326572239447 3342099113.01292
1.9499999947121e-07 0.00903511128380242 3355534899.26786
1.95499999451827e-07 0.00817761974334151 3219477902.38091
1.95999999432443e-07 0.00842173388103233 3261778409.01893
1.9649999941306e-07 0.00825803504588311 3223215975.99612
1.96999999393676e-07 0.00875129499211504 3295904063.82946
1.97499999374293e-07 0.00812217464786522 3226454795.69836
1.97999999466509e-07 0.00865172855668953 3299295846.87727
1.98499999447125e-07 0.00803192005452508 3210112080.57493
1.98999999427742e-07 0.0084369501889012 3253850416.34385
1.99499999408358e-07 0.00728396144863672 3086687951.21508
1.99999999388975e-07 0.00730656364179978 3090955807.80093
2.00499999481191e-07 0.00743164487313174 3111558895.62891
2.00999999461808e-07 0.00766939230707261 3140238619.70134
2.01499999442424e-07 0.00740942894407667 3091177494.65558
2.0199999942304e-07 0.00803488484907293 3209395263.07203
2.02499999403657e-07 0.00716076172837056 3076715587.05153
2.02999999384273e-07 0.00726809853972922 3078792774.41346
2.0349999947649e-07 0.00692447084582131 3044847338.77689
2.03999999457106e-07 0.00764740326923842 3133370533.02579
2.04499999437723e-07 0.00759320859405681 3127041137.89854
2.04999999418339e-07 0.00846494832499843 3272020836.11986
2.05499999398956e-07 0.00807096949803311 3217199205.03761
2.05999999379572e-07 0.00889745335349992 3341809347.9031
2.06499999471788e-07 0.00797949699593486 3198299537.50443
2.06999999452405e-07 0.00845062316101543 3270063456.89232
2.07499999433021e-07 0.00735334707886713 3093601279.70358
2.07999999413638e-07 0.00848455305725959 3267686333.12749
2.08499999394254e-07 0.00833670722795563 3249069202.04823
2.08999999374871e-07 0.00799334205100968 3194219887.75895
2.09499999467087e-07 0.00855813691896166 3278069147.59632
2.09999999447703e-07 0.0079162662975755 3182737530.30635
2.1049999942832e-07 0.00794688289815646 3189638434.28175
2.10999999408936e-07 0.00776360611169695 3160554483.98432
2.11499999389553e-07 0.00844074611945151 3259406777.74419
2.11999999370169e-07 0.00806144947252629 3213141157.47144
2.12499999462386e-07 0.00900417185457652 3359524188.00441
2.12999999443002e-07 0.00856342899175601 3284646264.49077
2.13499999423618e-07 0.00962884555838866 3450221639.371
2.13999999404235e-07 0.00984394411616118 3479744931.4075
2.14499999384851e-07 0.00965484918745863 3456792144.10809
2.14999999477068e-07 0.00954884122697851 3432526488.64439
2.15499999457684e-07 0.0101070762686851 3525080799.45996
2.15999999438301e-07 0.00992424044119605 3497836290.90431
2.16499999418917e-07 0.0103431236654838 3552230568.16049
2.16999999399534e-07 0.0100745036713443 3504471687.53752
2.1749999938015e-07 0.0105129212911348 3587848609.43687
2.17999999360767e-07 0.0101150938597606 3542071270.59683
2.18499999452983e-07 0.00992668315627965 3496272232.72709
2.18999999433599e-07 0.00999029606875122 3504188962.08332
2.19499999414216e-07 0.00946188856566369 3417440999.89085
2.19999999394832e-07 0.0103508431539854 3561988410.97347
2.20499999375449e-07 0.0100440652602701 3500694310.91627
2.20999999467665e-07 0.0102168055958218 3548627933.98907
2.21499999448281e-07 0.00915522424236533 3386543519.73291
2.21999999428898e-07 0.0100804946321022 3523244026.33732
2.22499999409514e-07 0.0100300540354427 3518860291.6775
2.22999999390131e-07 0.0105684779515187 3606663590.62918
2.23499999482347e-07 0.0102095625540905 3553024721.56576
2.23999999462963e-07 0.0104469790970411 3577944510.85148
2.2449999944358e-07 0.0107928073504376 3633711907.21315
2.24999999424196e-07 0.0107904018802553 3636989534.48674
2.25499999404813e-07 0.0115894735701924 3758798556.36218
2.25999999385429e-07 0.0105952682530907 3603651629.08239
2.26499999366046e-07 0.0115345186589943 3749903672.50716
2.26999999458262e-07 0.0103999638959881 3569738124.96901
2.27499999438879e-07 0.0112207052368459 3700739752.10202
2.27999999419495e-07 0.00993938011252932 3494119482.81515
2.28499999400112e-07 0.0109281985338775 3646412318.1354
2.28999999380728e-07 0.00922681726288896 3381798211.82937
2.29499999472944e-07 0.0107551350800195 3646876199.72248
2.29999999453561e-07 0.00985790455889416 3484130398.40698
2.30499999434177e-07 0.0110272784165773 3670191573.90443
2.30999999414794e-07 0.00991714269223688 3499658306.07936
2.3149999939541e-07 0.011040939086114 3672834991.62958
2.31999999376027e-07 0.0110078755987382 3680460558.13769
2.32499999356643e-07 0.0116404214435044 3769131025.74891
2.32999999448859e-07 0.0113269811996594 3716760497.11233
2.33499999429476e-07 0.0111311171646331 3680712589.21829
2.33999999410092e-07 0.0115422945097089 3750647449.48649
2.34499999390709e-07 0.0108180653568018 3632009542.52741
2.34999999371325e-07 0.0111575394892953 3697318175.09609
2.35499999463541e-07 0.0105116691582866 3589055454.10209
2.35999999444158e-07 0.0106887077915765 3605829585.69619
2.36499999424774e-07 0.0101356428991776 3533059142.56982
2.36999999405391e-07 0.0112870234676675 3708141977.74566
2.37499999386007e-07 0.0104118305812934 3572152878.26117
2.37999999478224e-07 0.0110690327214019 3669620381.18457
2.3849999945884e-07 0.0101752442057831 3535966925.99838
2.38999999439457e-07 0.0108283809690585 3653170627.55961
2.39499999420073e-07 0.00988535494799727 3488567909.31496
2.39999999400689e-07 0.0105595527505939 3596259556.5311
2.40499999381306e-07 0.00903094533720611 3366119797.8092
2.40999999361922e-07 0.0101248693725546 3534212106.92241
2.41499999454139e-07 0.00891643224150305 3345407740.21436
2.41999999434755e-07 0.00939679295454883 3428812835.42895
2.42499999415372e-07 0.00879111590844038 3323582458.1174
2.42999999395988e-07 0.00908015195567186 3360976499.57359
2.43499999376605e-07 0.00873782467103482 3312038607.78654
2.43999999468821e-07 0.00924862847809173 3393391306.05709
2.44499999449437e-07 0.00919886833437545 3379513442.08196
2.44999999430054e-07 0.00902243309786184 3358859926.22516
2.4549999941067e-07 0.0106510962515999 3610221524.69429
2.45999999391287e-07 0.0101365998335352 3541557317.27474
2.46499999483503e-07 0.0108649851543384 3636296835.40143
2.4699999935252e-07 0.00965589653368676 3459543363.87299
2.47499999444736e-07 0.0113311755762272 3737116154.58051
2.47999999425352e-07 0.00973118242776571 3482945282.89483
2.48499999405969e-07 0.0106812272635964 3617498070.24624
2.48999999386585e-07 0.00946903644695703 3420169944.73637
2.49499999367202e-07 0.0105563988028628 3598580471.42626
2.49999999459418e-07 0.00904427022598691 3362607139.36976
