# Fix print output for fix def1
-5.58043589222351e-16 0.00669069568002942 2997439300.79733
0.000499999999999347 0.035656211811614 7489238301.01711
0.000999999999999476 0.0646012653419819 11987776897.1947
0.00149999999999938 0.094347097268878 16617437811.8851
0.00199999999999951 0.12201864907406 20947337407.0933
0.00249999999999942 0.149818567684923 25276424172.4809
0.00299999999999943 0.177635951001288 29622834241.5567
0.00349999999999945 0.205548351273659 33991603067.5706
0.00399999999999936 0.233510202571166 38357404138.8833
0.00449999999999948 0.260669413283448 42613512323.4551
0.00499999999999939 0.287798523060413 46876031259.7056
0.00549999999999952 0.315278933119974 51194524140.6528
0.00599999999999942 0.342633622730566 55490887142.4494
0.00649999999999955 0.369253358823533 59681634705.8398
0.00699999999999946 0.39688775772465 64028777108.4864
0.00749999999999936 0.424508136503889 68386273946.1411
0.00799999999999949 0.451937449698964 72727481367.2669
0.0084999999999994 0.478949836993808 76976762544.91
0.00899999999999953 0.50712584460692 81429252760.7573
0.00949999999999943 0.532798919724739 85470802741.0366
0.00999999999999934 0.561011056485549 89967668702.3646
0.0104999999999995 0.587654524809164 94179186406.0845
0.0109999999999994 0.614778271327797 98487368088.3791
0.0114999999999995 0.641866190125074 102804080149.22
0.0119999999999994 0.66794845158819 106938722910.211
0.0124999999999995 0.695940396684035 111398767264.883
0.0129999999999994 0.721850399870913 115512866421.24
0.0134999999999993 0.748799962857732 119820544736.49
0.0139999999999995 0.775281757343082 124055646714.934
0.0144999999999994 0.801274978710529 128213553464.75
0.0149999999999995 0.828198284795311 132514988841.094
0.0154999999999994 0.853411007911017 136553854900.114
0.0159999999999995 0.880301473706984 140874800412.591
0.0164999999999994 0.906929533922865 145133649555.533
0.0169999999999994 0.932371961509382 149235456018.175
0.0174999999999995 0.960005724743633 153673854087.017
0.0179999999999994 0.985056166301477 157693743225.763
0.0184999999999995 1.01213557917218 162071187745.182
0.0189999999999994 1.03862496722968 166332027598.424
0.0194999999999996 1.06405999735511 170433877757.17
0.0199999999999995 1.09133929682134 174838413959.795
0.0204999999999994 1.1166991367515 178956336434.023
0.0209999999999995 1.14242999711137 183109242393.396
0.0214999999999994 1.16820914355652 187287473149.07
0.0219999999999995 1.19267510430227 191270819970.203
0.0224999999999994 1.2187724095454 195494619628.471
0.0229999999999996 1.2446121858409 199704419583.302
0.0234999999999995 1.26960529394628 203773402097.079
0.0239999999999994 1.2957290770087 208025425630.546
0.0244999999999995 1.32089780480442 212134646745.958
0.0249999999999994 1.34501276385772 216080516908.3
0.0254999999999995 1.37009427194472 220159322745.387
0.0259999999999994 1.39603825782894 224417550075.862
0.0264999999999993 1.42096652152478 228482218710.679
0.0269999999999995 1.44623545861235 232637975770.751
0.0274999999999994 1.47194348330493 236858896047.512
0.0279999999999995 1.49698431246834 240960500176.475
0.0284999999999994 1.52176494616528 245031284800.434
0.0289999999999995 1.54637674849099 249092695596.752
0.0294999999999994 1.57126770063141 253185489132.855
0.0299999999999994 1.59511979498322 257128753610.341
0.0304999999999995 1.62019382890718 261265334440.869
0.0309999999999994 1.64473018976933 265316121107.242
0.0314999999999993 1.66876762651736 269295750058.861
0.0319999999999994 1.69220511785656 273178782691.736
0.0324999999999996 1.71629555201427 277187121413.453
0.0329999999999995 1.7408065253001 281237896900.913
0.0334999999999994 1.7648390008462 285234825699.145
0.0339999999999993 1.78868143544581 289205220229.922
0.0344999999999996 1.81320365399384 293289673465.004
0.0349999999999995 1.8371801689724 297276150793.181
0.0354999999999994 1.86110742489897 301280370953.276
0.0359999999999993 1.88446397066621 305169999810.419
0.0364999999999992 1.90796454051284 309092948782.025
0.0369999999999996 1.93132230723834 313012172652.734
0.0374999999999995 1.95496800898777 316971809905.663
0.0379999999999994 1.97839952874894 320895238902.133
0.0384999999999993 2.00140575190286 324780600030.977
0.0389999999999994 2.0245348727292 328661273552.7
0.0394999999999996 2.04729660819036 332488877547.693
0.0399999999999995 2.07075678801919 336437702161.607
0.0404999999999994 2.09379384647945 340313806733.041
0.0409999999999993 2.11680075665981 344198919386.635
0.0414999999999994 2.1397676095166 348080623921.648
0.0419999999999995 2.16208610654306 351859619514.592
0.0424999999999994 2.18496684691344 355732705421.991
0.0429999999999994 2.20746329828367 359538465422.77
0.0434999999999993 2.23054115153545 363457575193.417
0.0439999999999996 2.25311273776519 367296510164.886
0.0444999999999995 2.27505595559535 371024929009.282
0.0449999999999994 2.29733308194716 374819462483.759
0.0454999999999993 2.3201475924837 378692151267.808
0.0459999999999995 2.34247942011153 382498531761.393
0.0464999999999996 2.36473335750372 386308639629.266
0.0469999999999995 2.38671630847801 390058629023.253
0.0474999999999994 2.40855783212587 393806075518.888
0.0479999999999993 2.43047863583365 397548759696.979
0.0484999999999994 2.45301481995719 401411910843.675
0.0489999999999996 2.47439572356832 405077725981.551
0.0494999999999995 2.49638703616226 408859173350.862
0.0499999999999994 2.5185621929764 412671719660.783
0.0504999999999993 2.54045079788851 416446388909.225
0.0509999999999996 2.56224312462619 420198883574.559
0.0514999999999995 2.58340293919046 423853539575.718
0.0519999999999994 2.60529940857034 427631086322.717
0.0524999999999993 2.62644052760829 431299663783.79
0.0529999999999992 2.64736209137103 434924268190.6
0.0534999999999996 2.66824166023952 438537694263.611
0.0539999999999995 2.68952384041908 442214717242.67
0.0544999999999994 2.71062599217344 445898618356.242
0.0549999999999993 2.73244658722525 449681674663.07
0.0554999999999994 2.75299333138556 453251731570.289
0.0559999999999996 2.7741889423119 456948174898.292
0.0564999999999995 2.7956736631043 460693007442.973
0.0569999999999994 2.81652362653049 464329064363.651
0.0574999999999993 2.8372033398469 467929559499.052
0.0579999999999994 2.8582997597402 471632104726.858
0.0584999999999996 2.87899619625248 475248168556.517
0.0589999999999995 2.899236623925 478804266740.961
0.0594999999999994 2.91950122718798 482366977969.697
0.0599999999999993 2.93952284818967 485891654480.389
0.0604999999999996 2.9599886291907 489471500909.346
0.0609999999999995 2.97981528490331 492985593428.914
0.0614999999999994 3.00034041334313 496590468169.254
0.0619999999999993 3.02078419639794 500199539894.462
0.0624999999999992 3.04102932464782 503767699541.389
0.0629999999999996 3.06121586144315 507353663926.717
0.0634999999999995 3.08115806361083 510880584083.256
0.0639999999999994 3.10062547453063 514324799086.848
0.0644999999999993 3.12030943887786 517820666351.131
0.0649999999999994 3.14003635255157 521340498001.634
0.0654999999999996 3.15970058464661 524837715073.12
0.0659999999999995 3.17896161620384 528270021386.14
0.0664999999999994 3.19838721416377 531737721204.725
0.0669999999999993 3.21693913120969 535044574806.094
0.0674999999999994 3.23602758002702 538469577956.105
0.0679999999999995 3.25537477765397 541923705994.868
0.0684999999999995 3.27436556206675 545330822535.81
0.0689999999999994 3.29441286171322 548914153180.39
0.0694999999999993 3.3137980779567 552390114145.202
0.0699999999999996 3.33389786325412 555981085349.3
0.0704999999999995 3.3528688877447 559391514061.443
0.0709999999999994 3.37178654417405 562805595760.322
0.0714999999999993 3.39055826402276 566201046732.094
0.0719999999999995 3.40944613741306 569606220892.347
0.0724999999999996 3.42763997935256 572892751029.584
0.0729999999999995 3.44637795176904 576293053241.743
0.0734999999999994 3.4646105900573 579593634525.376
0.0739999999999993 3.48322018874471 582963535670.366
0.0744999999999994 3.50145144471108 586265339223.878
0.0749999999999996 3.51992261978853 589625980995.069
0.0754999999999995 3.53866295781273 593025022330.582
0.0759999999999994 3.55715995963809 596398371060.554
0.0764999999999993 3.57531132606291 599712950135.969
0.0769999999999994 3.59316906108285 602968994726.54
0.0774999999999995 3.61112045990872 606256274804.623
0.0779999999999994 3.62933309306102 609590145060.585
0.0784999999999993 3.64741151335336 612904590630.499
0.0789999999999995 3.66530214293481 616169946810.2
0.0794999999999996 3.68323724897441 619471705184.935
0.0799999999999995 3.70033225063805 622619898966.823
0.0804999999999994 3.71832656258599 625939592651.352
0.0809999999999993 3.73622469963673 629214528965.788
0.0814999999999994 3.75445813869122 632574345165.061
0.0819999999999996 3.77252891148569 635917002195.815
0.0824999999999995 3.78998007565395 639127132222.138
0.0829999999999994 3.80705148520725 642295548491.851
0.0834999999999993 3.8245095739225 645527378265.793
0.0839999999999994 3.84147776049731 648673934218.856
0.0844999999999995 3.85870531111975 651898019586.637
0.0849999999999995 3.87539955987485 654989593299.449
0.0854999999999994 3.8927303607999 658209656797.19
0.0859999999999993 3.91032033990877 661482840644.402
0.0864999999999994 3.92782580253583 664742371184.786
0.0869999999999995 3.94461303907835 667885366566.399
0.0874999999999994 3.96134076065222 671013922452.776
0.0879999999999993 3.97783201135111 674122509622.405
0.0884999999999995 3.99491812611214 677296944546.188
0.0889999999999996 4.01203635485252 680520728682.479
0.0894999999999995 4.02873363052347 683640083749.436
0.0899999999999994 4.04543089950596 686778490465.087
0.0904999999999993 4.06242422973303 689978499557.331
0.0909999999999994 4.07910664697572 693117517013.169
0.0914999999999996 4.09508913229553 696155592308.718
0.0919999999999995 4.11187571118253 699310173962.318
0.0924999999999994 4.12805183677256 702373603996.819
0.0929999999999993 4.14449194109494 705487144756.288
0.0934999999999994 4.16067752640255 708545237493.534
0.0939999999999995 4.17670089426021 711601131876.59
0.0944999999999994 4.19270583172865 714649837391.902
0.0949999999999993 4.20831674847022 717620828276.844
0.0954999999999993 4.22509084335439 720802582467.009
0.0959999999999996 4.24071025316257 723801636830.142
0.0964999999999995 4.25659768522187 726819624882.236
0.0969999999999994 4.2724916634134 729869121141.711
0.0974999999999993 4.28766886380247 732782642976.668
0.0979999999999994 4.30339965069821 735805275920.886
0.0984999999999996 4.31953631882954 738886950097.545
0.0989999999999995 4.33368945131055 741665908514.13
0.0994999999999994 4.34789276747465 744467019293.868
0.0999999999999993 4.36137455084171 747116569935.495
0.100499999999999 4.37490587259612 749787490433.892
0.101 4.38862244049422 752506356123.078
0.101499999999999 4.40027722468673 754856875178.229
0.101999999999999 4.41102322873819 757091496279.279
0.102499999999999 4.42125300541226 759267673357.93
0.102999999999999 4.43150213843147 761426837490.269
0.1035 4.44191527400174 763608068302.934
0.103999999999999 4.45091294173656 765517255359.468
0.104499999999999 4.46012681425785 767527807746.333
0.104999999999999 4.46702336273533 769113239706.283
0.105499999999999 4.47443915671835 770852583778.715
0.105999999999999 4.47915503747277 772046040664.794
0.106499999999999 4.48539969706336 773631339805.15
0.106999999999999 4.48799972034636 774507573170.175
0.107499999999999 4.49299964155199 775860627176.536
0.108 4.49363401528005 776483929574.745
0.108499999999999 4.49202149152191 776739937290.373
0.108999999999999 4.48501994247394 776174983465.631
0.109499999999999 4.48092608420331 775969248632.865
0.109999999999999 4.47528441112201 775561342768.649
0.1105 4.46284379481287 774071685093.296
0.110999999999999 4.45342015748407 773143577073.016
0.111499999999999 4.43863897894229 771247632222.941
0.111999999999999 4.42195897710749 769161234192.693
0.112499999999999 4.40505789170515 766902363548.834
0.113 4.38693450596554 764711418913.724
0.113499999999999 4.36323999489932 761413866663.264
0.113999999999999 4.33176380782206 757055424890.283
0.114499999999999 4.30508767505876 753367557265.016
0.115 4.26996828323469 748212942954.025
0.115499999999999 4.23465525119935 742999264045.258
0.115999999999999 4.19255673497039 736787004011.004
0.116499999999999 4.14744469209186 730012249191.932
0.116999999999999 4.10259243777497 723446903869.392
0.1175 4.05094873734506 715695584286.393
0.117999999999999 3.99649715727301 707641192352.185
0.118499999999999 3.93748077961395 698786444266.379
0.118999999999999 3.86384406595097 687547661575.338
0.119499999999999 3.80054033429153 677829374539.955
0.12 3.72603772500005 666420350128.581
0.120499999999999 3.6458542713035 654023033500.866
0.120999999999999 3.56938287476168 642278320127.364
0.121499999999999 3.49172117623723 630358577407.313
0.121999999999999 3.40680545385151 617203180426.923
0.1225 3.3144497964254 602706224057.619
0.122999999999999 3.22337057513331 588381464118.969
0.123499999999999 3.12549438900661 573079679958.939
0.123999999999999 3.01584200058902 555672721471.262
0.1245 2.91457458992388 539548975565.122
0.124999999999999 2.80536284642946 522165464979.278
0.125499999999999 2.68939892256727 503491287581.904
0.125999999999999 2.57179660436796 484230823864.503
0.126499999999999 2.45876899307558 465763823570.112
0.127 2.33085822514998 444996481970.636
0.127499999999999 2.20527741303386 424208613352.162
0.127999999999999 2.08260109835135 404142179907.258
0.128499999999999 1.9374474901021 379843097125.48
0.128999999999999 1.80270819788211 357144125837.747
0.1295 1.65032587989047 331533778709.657
0.129999999999999 1.5100494492795 307699554308.709
0.130499999999999 1.36613095167612 283538903519.274
0.130999999999999 1.22080482658312 258573745995.221
0.1315 1.06720582251056 232002872227.982
0.132 0.920410361062728 206438471326.94
0.132499999999999 0.781340626919835 182594249940.916
0.132999999999999 0.652129997412727 160387577532.042
0.133499999999999 0.531192105281985 138951734974.351
0.134 0.451717561362926 124734511813.945
0.134499999999999 0.394446194534342 114978639674.214
0.134999999999999 0.332075794617159 103868675244.66
0.1355 0.266272320306891 92379092363.6643
0.135999999999999 0.208613039939059 81906386063.7211
0.1365 0.155796977751954 72382584568.7005
0.136999999999999 0.108630731132533 64248458386.1133
0.137499999999999 0.0754598460223741 58357951690.6808
0.137999999999999 0.0531930624913627 54399934528.1482
0.1385 0.0418433087932838 52337344422.6647
0.139 0.033143564271474 50372262837.6093
0.139499999999999 0.0123548713718724 46682490588.0818
0.139999999999999 0.0141146556803072 46631102730.0651
0.140499999999999 -0.00316680423371024 43533937569.1626
0.141 -0.0311419675806339 38287887277.879
0.141499999999999 -0.0457969571031873 35342554299.8098
0.141999999999999 -0.0695469341629112 31002938966.6005
0.142499999999999 -0.0521516725494787 33627739592.6402
0.142999999999999 -0.0581548629257798 32357188604.3115
0.1435 -0.071149028719251 30336472574.647
0.143999999999999 -0.08132163303972 28225391159.4087
0.144499999999999 -0.0779303356559253 28408132656.7039
0.144999999999999 -0.0723928667351341 29276713351.0354
0.145499999999999 -0.053480715107653 32108541327.1878
0.146 -0.0532420930937785 32299260612.5441
0.146499999999999 -0.0541987213342073 31815173165.007
0.146999999999999 -0.0475854791558384 33060978622.9902
0.147499999999999 -0.0507896670493692 32036472087.5911
0.147999999999999 -0.0423857962312841 33553875700.3677
0.1485 -0.0331943367510499 35251865270.5112
0.148999999999999 -0.0380411927636922 34299058265.5597
0.149499999999999 -0.0317292030877239 35342629878.0921
0.149999999999999 -0.0390640567065594 33659256934.4993
0.1505 -0.0170441348652199 37526855023.4247
0.150999999999999 -0.0275067445415806 35276050291.1057
0.151499999999999 -0.0282037841182175 35551016629.452
0.151999999999999 -0.0334783797032741 34424808928.8206
0.152499999999999 -0.0293880329527251 35042815258.2623
0.153 -0.0239215093216179 35996657503.498
0.153499999999999 -0.0252976547126081 35370892466.1291
0.153999999999999 -0.01290804968481 37937832194.5208
0.154499999999999 -0.0258779099630046 35519121971.6953
0.154999999999999 -0.0126569779680462 37773201090.9747
0.1555 -0.0286351578822932 34947087479.2679
0.155999999999999 -0.032659587999463 33851348051.4525
0.156499999999999 -0.0209983363339577 36187042524.146
0.156999999999999 -0.0124804416129742 37314122156.5969
0.157499999999999 -0.00981326504278976 37840055222.3531
0.158 -0.0158211809499952 36963968335.4174
0.158499999999999 -0.0151410207307845 36864464833.5816
0.158999999999999 -0.000379337470003065 39510372438.5812
0.159499999999999 0.00324632698031515 40279118623.522
0.16 0.00153929077070854 39898264952.9239
0.160499999999999 0.0182338917211442 42611336263.2158
0.160999999999999 0.00662781679566438 40712989199.1881
0.161499999999999 0.022189292663359 43609035443.1396
0.161999999999999 0.00257515333617305 39906735888.4876
0.1625 0.0103087754705913 41302127247.5877
0.162999999999999 0.0084939192967107 41011825433.4656
0.163499999999999 0.0143076342885281 41929132786.1983
0.163999999999999 0.00605348202413806 40632872379.7184
0.164499999999999 0.0241550629815218 43793578388.9992
0.165 0.00428148035331236 40024353692.3863
0.165499999999999 0.00734657638037277 40430114234.4768
0.165999999999999 0.00913501384698479 40782958138.9919
0.166499999999999 0.0271379309977786 43870911680.1869
0.167 0.0312815930885742 44612283083.9671
0.167499999999999 0.0234477101723881 43344078556.9663
0.167999999999999 0.0204095948226656 42571196069.5203
0.168499999999999 0.0173015951984003 41706455701.5194
0.168999999999999 0.0200444313209587 42316930996.4578
0.1695 0.0142029370829283 41391683229.308
0.169999999999999 0.0233432678739803 43163545005.1448
0.170499999999999 0.0234324123005088 42790903762.0846
0.170999999999999 0.0194194815113899 42326166197.2917
0.171499999999999 0.021516696691534 42727805040.3939
0.172 0.0357033553047462 44744086908.1361
0.172499999999999 0.0364298250115226 45208148290.94
0.172999999999999 0.0398376619151209 45667069616.9039
0.173499999999999 0.0555200931815224 48672385046.2327
0.173999999999999 0.056871719277724 48643415386.733
0.1745 0.0484278642800934 47502736899.9305
0.174999999999999 0.0640923146815942 50057660863.1452
0.175499999999999 0.0522015013429281 48097334514.2047
0.175999999999999 0.0545253824346547 48415396685.1785
0.176499999999999 0.0573317671063465 48836538198.9467
0.176999999999999 0.0534165017757967 48186818624.7642
0.177499999999999 0.0558469082270184 48297894818.5468
0.177999999999999 0.07272420836316 51678693198.6555
0.178499999999999 0.0714534603427617 51372353363.9687
0.179 0.0734690055330232 51500433511.4102
0.179499999999999 0.0755752263993949 52031497699.6884
0.179999999999999 0.06951934255288 50898053902.5554
0.180499999999999 0.0774291167551233 52339828945.5756
0.180999999999999 0.0842248844977418 53641338407.9761
0.1815 0.0851163796097053 54084397086.0889
0.181999999999999 0.0876256487024438 54204474178.3127
0.182499999999999 0.062859334957742 49518381364.7067
0.182999999999999 0.0575061884078725 48746366945.2251
0.183499999999999 0.045929071337677 46319515209.2406
0.183999999999999 0.0381731758349036 44949501673.6259
0.184499999999999 0.0477009321105626 46753928666.8329
0.184999999999999 0.0603763512131749 48809786903.4902
0.185499999999999 0.0501175585606732 47040883398.2662
0.186 0.0686124638602018 50029991559.7057
0.186499999999999 0.064615449733247 49252167428.5771
0.186999999999999 0.077541980592469 51555082396.8216
0.1875 0.0679234078850877 50071446853.7434
0.187999999999999 0.0701410199071776 50466813866.5839
0.1885 0.0805745087647336 52420364703.5403
0.188999999999999 0.079164141017809 51946482673.1438
0.189499999999999 0.0798232123476963 51954445331.1245
0.189999999999999 0.0931868018235907 54533707832.4446
0.190499999999999 0.0893240519858733 53727750685.9815
0.191 0.0931789665451195 54427852958.0007
0.191499999999999 0.0827233809131921 52460785943.2338
0.191999999999999 0.0886479023381848 53628893857.9206
0.192499999999999 0.0926420261581599 54564115268.1505
0.192999999999999 0.0894058139437582 53889306908.9207
0.193499999999999 0.0851688480872508 52975026812.6003
0.193999999999999 0.0828094996479622 52556101945.645
0.194499999999999 0.0684119314233959 50043184649.096
0.194999999999999 0.0836257756367397 52427002674.0911
0.1955 0.0608046235624105 48113264706.6183
0.195999999999999 0.0601086524193048 48223433125.6739
0.196499999999999 0.0595585184281327 48317248201.5665
0.197 0.0768085395886878 51430562107.6724
0.197499999999999 0.0711143810056937 50312351704.432
0.198 0.0754176030991194 51004783802.322
0.198499999999999 0.0763774274276085 51106763478.68
0.198999999999999 0.0712143903380219 50302592936.9298
0.199499999999999 0.0881589804547701 53611343083.777
0.199999999999999 0.0859510263977024 53260859499.1654
0.2005 0.0812993613709802 52284834375.9228
0.200999999999999 0.0795471767100789 51879336936.4425
0.201499999999999 0.0913299756694862 53931644079.9294
0.201999999999999 0.0867076928721462 53102379157.4818
0.2025 0.0967001972080333 55003799028.2373
0.202999999999999 0.105850308384588 56542347482.8406
0.203499999999999 0.0980251321397621 55139410374.0187
0.203999999999999 0.0931218482052368 54577374827.6405
0.204499999999999 0.0948484520610451 54420339809.5792
0.205 0.0883712807070439 53479311291.367
0.205499999999999 0.0846029486731586 52777235887.1444
0.205999999999999 0.0796968705280746 51975972380.6338
0.206499999999999 0.0804907244158739 51752763493.7625
0.206999999999999 0.0889425104673217 53359667672.0777
0.2075 0.0846188006700829 52622211942.8471
0.207999999999999 0.0957714089996125 54591692044.0031
0.208499999999999 0.091778849521381 53943791501.0705
0.208999999999999 0.108232491948738 57128463272.5581
0.209499999999999 0.108841952872378 56932427084.9398
0.209999999999999 0.104159022572394 56222282135.8566
0.210499999999999 0.111519307122753 57398576488.4857
0.210999999999999 0.114131788524662 58155808424.6551
0.211499999999999 0.101821012185465 55594119284.0083
0.211999999999999 0.107685299278947 56966622492.5351
0.212499999999999 0.110572085622332 57095796412.3307
0.212999999999999 0.11011174287097 57051433485.1229
0.213499999999999 0.102931842046404 55417459685.2303
0.213999999999999 0.101477262997854 55444026526.3956
0.2145 0.0904284722647852 53424032408.6816
0.214999999999999 0.0986456485971677 55030866864.3912
0.215499999999999 0.0977372721852042 54811640081.0095
0.215999999999999 0.115431769602343 57665013210.8982
0.216499999999999 0.108969408046107 57107956810.51
0.216999999999999 0.122342806748711 59421453592.4311
0.217499999999999 0.112906933212633 57522313230.7358
0.217999999999999 0.109149290563319 56713176265.2249
0.218499999999999 0.124204371092795 59827502236.3555
0.218999999999999 0.130304875554507 61123217179.2
0.219499999999999 0.126363762759156 60727085778.462
0.219999999999999 0.122068424163678 59278901216.26
0.2205 0.128638264756553 60603449687.9249
0.220999999999999 0.118521356185943 58623209180.2558
0.2215 0.113748870077113 57813404115.5084
0.221999999999999 0.123271174781589 59330331377.9564
0.222499999999999 0.128212430638209 60247191677.322
0.223 0.129438724243215 60658044521.7834
0.223499999999999 0.130441902506675 60938475904.6319
0.224 0.127446840928 60509731730.7137
0.224499999999999 0.1270386470394 60477086024.383
0.224999999999999 0.120438665129495 58817857544.9815
0.225499999999999 0.134650848033277 61668823782.3862
0.225999999999999 0.113802386866296 57843924512.9724
0.2265 0.117585819409202 58747827802.4229
0.226999999999999 0.119550969429899 58882611506.0245
0.227499999999999 0.11825432160163 58985891306.6891
0.227999999999999 0.1156709418995 58557980688.9028
0.228499999999999 0.124054300001338 60026841196.2942
0.228999999999999 0.116340465760523 58441118711.1556
0.229499999999999 0.1224865683609 59762198343.59
0.23 0.118889688892875 58884696087.9304
0.230499999999999 0.114496830072586 58414064047.8916
0.231 0.113602065879231 57999412344.219
0.231499999999999 0.110522025441684 57570767434.6311
0.231999999999999 0.116569383600263 58852945309.7497
0.232499999999999 0.118371776075349 58943545930.2437
0.232999999999999 0.12029644711765 59111173030.5524
0.2335 0.115178467554412 58232409514.7858
0.233999999999999 0.115204673267329 58588615105.9431
0.234499999999999 0.111147364409689 57363593405.6382
0.234999999999999 0.112514952447998 57332426891.7834
0.235499999999999 0.121015131803011 59339283595.0997
0.235999999999999 0.127485849172553 60378125620.9955
0.236499999999999 0.133702396992915 61794571909.4623
0.236999999999999 0.132495934608765 61643117858.6589
0.237499999999999 0.136248500293014 62377664326.4091
0.237999999999999 0.143805341518843 63491367559.7535
0.238499999999999 0.14197692790375 63236691745.572
0.238999999999999 0.131735947658164 61286687106.4086
0.239499999999999 0.13434796741257 61683635766.9076
0.239999999999999 0.137724611637292 62673351195.2772
0.2405 0.135305722972369 61834813865.3411
0.240999999999999 0.135164161288644 62126977472.3557
0.241499999999999 0.146696251736296 64135217841.4911
0.241999999999999 0.129387222191292 60891413071.1317
0.242499999999999 0.126555694921168 60348002248.4619
0.243 0.12604254945253 60149097708.0875
0.243499999999999 0.128257276745382 60683000272.9791
0.243999999999999 0.141156142697308 63069366722.934
0.244499999999999 0.139421082269751 62743389822.344
0.244999999999999 0.147004067385762 64054234508.1633
0.245499999999999 0.148765754674052 64544476622.6088
0.245999999999999 0.134724623895677 61966104538.4607
0.246499999999999 0.139540127648655 63036361801.0772
0.246999999999999 0.135747530333513 62106862178.4805
0.247499999999999 0.143777676484208 63804386842.9738
0.247999999999999 0.14811200018772 64656576104.4245
0.248499999999999 0.155737706481819 66016392164.1847
0.248999999999999 0.144565412435557 63943012011.5461
0.249499999999999 0.13179968108966 61173226022.112
0.25 0.148098122753687 64648804085.2551
