# Fix print output for fix def1
8.92857154188234e-16 0.00580337571838127 2857187453.0665
0.00050000000000088 0.0345228301223881 7314947446.71495
0.00100000000000087 0.063191413123937 11771218081.9101
0.00150000000000085 0.0915559762633422 16183513941.8693
0.00200000000000084 0.120076276334805 20633642538.1555
0.00250000000000094 0.147940032445748 24985533846.6465
0.00300000000000081 0.175751391029199 29348613547.6825
0.00350000000000091 0.202551285247714 33523413359.4176
0.00400000000000079 0.23000182583917 37812453235.1993
0.00450000000000089 0.256418955980269 41962291730.8126
0.00500000000000087 0.283003238067642 46124356540.9134
0.00550000000000075 0.310434676811107 50444033826.1869
0.00600000000000085 0.33596072922364 54455364721.0112
0.00650000000000095 0.362871611009842 58676082354.3806
0.00700000000000082 0.387220528348346 62517960899.1476
0.00750000000000092 0.414937031715823 66881075709.0766
0.00800000000000079 0.439930549823338 70826125672.4231
0.00850000000000089 0.467524151732233 75198408576.6691
0.00900000000000077 0.491962065882843 79047673799.7875
0.00950000000000087 0.519085487128779 83360451467.7475
0.0100000000000007 0.544680510061184 87406177493.6459
0.0105000000000008 0.571050546760163 91581582190.3232
0.0110000000000009 0.597154630194649 95737885835.0945
0.0115000000000008 0.622328861423753 99722044010.0126
0.0120000000000009 0.649665690151155 104082453625.319
0.0125000000000008 0.674647790687798 108064071535.07
0.0130000000000009 0.700960111020283 112252767971.606
0.0135000000000008 0.726811492310358 116386459011.566
0.0140000000000009 0.751392052010088 120303349557.225
0.014500000000001 0.778207568711574 124600953750.528
0.0150000000000008 0.8024693219385 128487849097.968
0.0155000000000009 0.828950290834906 132710214516.865
0.0160000000000008 0.853973715048346 136734775816.662
0.0165000000000009 0.879297165041459 140796237004.523
0.0170000000000008 0.904854232531933 144898690315.325
0.0175000000000009 0.929371817404629 148852246108.874
0.0180000000000008 0.955263583591599 153010809903.478
0.0185000000000009 0.98088403793356 157129962179.841
0.019000000000001 1.00503195954269 161036307194.538
0.0195000000000008 1.03034480109653 165130442581.076
0.0200000000000009 1.05598684551952 169250973499.167
0.0205000000000008 1.07989559814586 173127588323.577
0.0210000000000009 1.10576141242227 177316154093.792
0.0215000000000008 1.13081197694906 181372226193.112
0.0220000000000009 1.15465833516419 185255731586.603
0.0225000000000007 1.18013335886497 189387648203.476
0.0230000000000008 1.20520282947325 193463625671.076
0.0235000000000009 1.22959890812787 197421235853.3
0.0240000000000008 1.25314446340811 201280318374.549
0.0245000000000009 1.27761327318234 205261345674.685
0.0250000000000008 1.30135175673372 209141986950.396
0.0255000000000009 1.3254415928063 213079095094.071
0.0260000000000008 1.34861639530112 216889318455.508
0.0265000000000009 1.37371039595753 220978865980.805
0.027000000000001 1.39907737615541 225138934755.27
0.0275000000000008 1.42274006975932 229021794002.277
0.0280000000000009 1.44755638216154 233096151266.107
0.0285000000000008 1.47232914343208 237158174059.293
0.0290000000000009 1.49609636817546 241083848756.53
0.0295000000000008 1.51881712836628 244835430613.746
0.0300000000000009 1.54490746108838 249109676733.783
0.0305000000000008 1.56861792639848 253027613429.529
0.0310000000000009 1.59165749109933 256840717006.917
0.031500000000001 1.61554703115229 260801773791.742
0.0320000000000008 1.63969702999719 264794532144.055
0.0325000000000009 1.66244890679624 268556638835.841
0.0330000000000008 1.68501979088034 272330107563.773
0.0335000000000009 1.70870702923673 276249854510.43
0.034000000000001 1.73281816269754 280272587506.2
0.0345000000000009 1.75498458678418 283956297586.228
0.0350000000000008 1.77773579631297 287736699135.204
0.0355000000000009 1.80013942440564 291505019805.994
0.036000000000001 1.82299332791103 295305274391.091
0.0365000000000008 1.84672527506915 299272976164.791
0.0370000000000009 1.8692151820993 303036381320.564
0.037500000000001 1.89098458603443 306694829599.814
0.0380000000000009 1.91514111728014 310738608130.349
0.0385000000000008 1.93865037636353 314672472773.879
0.0390000000000009 1.96103014975493 318425315993.911
0.039500000000001 1.9829878113044 322134784114.464
0.0400000000000008 2.00574985912373 325971006564.545
0.0405000000000009 2.02814324105781 329737995426.046
0.041000000000001 2.05105659244661 333603157647.946
0.0415000000000009 2.0730172993643 337328460639.35
0.0420000000000008 2.09356036062352 340799918420.117
0.0425000000000009 2.11570891177719 344543572058.598
0.043000000000001 2.13742448435729 348237867153.411
0.0435000000000009 2.15933752649583 351947158881.734
0.044000000000001 2.18064372709871 355568199593.243
0.0445000000000011 2.20121519825081 359090531166.523
0.0450000000000009 2.22224129642103 362670698923.266
0.0455000000000008 2.24377415634403 366330786621.633
0.0460000000000009 2.26581774948521 370086178464.115
0.046500000000001 2.2862083928402 373581641798.262
0.0470000000000009 2.30754823381852 377221532951.604
0.0475000000000008 2.32857579257704 380830586129.367
0.0480000000000009 2.34948207298341 384411310639.87
0.048500000000001 2.37083284394594 388075769678.574
0.0490000000000008 2.39220446651661 391735006137.139
0.0495000000000009 2.41351995127081 395402383283.437
0.050000000000001 2.43465242573124 399048474228.715
0.0505000000000009 2.45647037567224 402781199572.035
0.0510000000000008 2.47733852050148 406387134428.822
0.0515000000000009 2.49870353977163 410063163047.558
0.052000000000001 2.51915477796608 413595112832.513
0.0525000000000009 2.53991923863101 417193076707.415
0.053000000000001 2.56027085739605 420706235026.524
0.0535000000000011 2.58083044587377 424279226151.12
0.0540000000000009 2.60106185988087 427775049435.001
0.0545000000000008 2.62090533023393 431225711361.088
0.0550000000000009 2.6409306729261 434711563091.558
0.055500000000001 2.66121764567225 438248936668.961
0.0560000000000009 2.68170464377277 441812497015.799
0.056500000000001 2.7028872866178 445503418744.294
0.0570000000000011 2.72286637759312 449003477945.271
0.0575000000000009 2.742803568455 452480347360.792
0.0580000000000008 2.762670460307 455972648754.283
0.0585000000000009 2.7829628413332 459518842661.635
0.059000000000001 2.80316250669115 463052038395.054
0.0595000000000009 2.82244917699477 466439347586.82
0.0600000000000008 2.84183355302987 469852561255.781
0.0605000000000009 2.8613936367904 473286190921.295
0.061000000000001 2.88117952467709 476777026293.218
0.0615000000000008 2.90063487354288 480214155094.005
0.0620000000000009 2.92018840557694 483664359909.288
0.062500000000001 2.93917869926193 487014328468.221
0.0630000000000009 2.95903442355451 490534905608.852
0.0635000000000008 2.97843816747344 493974108464.682
0.0640000000000009 2.99706946328913 497265887437.524
0.064500000000001 3.01588997250742 500619213375.727
0.0650000000000009 3.03392777014569 503821061828.339
0.065500000000001 3.05333148720058 507269683600.812
0.0660000000000011 3.07209626771348 510623957289.204
0.0665000000000009 3.09111560093429 514013634107.137
0.0670000000000008 3.10897858274063 517220794397.09
0.0675000000000009 3.12864707213196 520702870900.975
0.068000000000001 3.14740502184782 524069793545.843
0.0685000000000009 3.16714363826615 527581444941.372
0.069000000000001 3.18591463016105 530962858050.938
0.0695000000000011 3.20476451743882 534335307681.362
0.070000000000001 3.22360746816655 537718496229.325
0.0705000000000008 3.24206250873536 541022938101.245
0.0710000000000009 3.26051836062007 544359222867.294
0.071500000000001 3.27840746176675 547581863230.094
0.0720000000000009 3.29697126379371 550927668535.069
0.0725000000000008 3.31473912865632 554133690275.049
0.0730000000000011 3.33280189238668 557419784620.188
0.073500000000001 3.35061290518244 560646705417.703
0.0740000000000008 3.36845239717249 563879211575.23
0.074500000000001 3.38560569155867 566998966176.46
0.0750000000000011 3.40317623629848 570211040856.897
0.0755000000000009 3.41990014145577 573284906474.51
0.0760000000000008 3.43494410465088 576134778605.365
0.0765000000000011 3.45212430330852 579267767247.762
0.077000000000001 3.46833068050192 582252350438.569
0.0775000000000009 3.48295010984475 585026483795.351
0.078000000000001 3.49723644874454 587702672099.443
0.0785000000000011 3.51157017237816 590404396948.969
0.0790000000000009 3.52233264393574 592503540593.139
0.0795000000000008 3.53697571729252 595240437368.149
0.0800000000000009 3.55056204616129 597826514838.555
0.080500000000001 3.56410379366815 600394454928.938
0.0810000000000009 3.57456922260344 602487025232.842
0.081500000000001 3.58513727569807 604592466202.533
0.0820000000000011 3.59443622591102 606527194583.927
0.082500000000001 3.60475890993176 608563640732.807
0.0830000000000008 3.61487218541398 610614606934.741
0.0835000000000009 3.620442095772 611964879987.828
0.084000000000001 3.6222291810729 612740422052.719
0.0845000000000009 3.62675018857714 613879738786.743
0.085000000000001 3.63056680447762 614886008955.446
0.0855000000000011 3.63290802619129 615674684591.327
0.086000000000001 3.63409119772034 616223370170.961
0.0865000000000009 3.63175390795825 616306293437.887
0.087000000000001 3.63237949755152 616844260717.756
0.087500000000001 3.62563039420998 616228416942.985
0.0880000000000009 3.6197430996849 615756407890.624
0.0885000000000008 3.61245911261272 615021471815.563
0.0890000000000009 3.60704993228041 614542849895.741
0.089500000000001 3.59078649005796 612350870641.333
0.0900000000000009 3.57230652296594 609843285798.489
0.090500000000001 3.56112738385078 608417385184.116
0.0910000000000011 3.53889835996093 605303862535.074
0.0915000000000009 3.52007996853742 602839989372.23
0.0920000000000008 3.49799658591952 599676021913.247
0.0925000000000009 3.47524058171178 596447644606.621
0.093000000000001 3.45126882694499 593068515271.294
0.0935000000000009 3.42539175796536 589302786342.33
0.094000000000001 3.39742678996655 585167688164.909
0.0945000000000011 3.36192671865706 579898141852.438
0.095000000000001 3.32856215819788 575045053332.945
0.0955000000000008 3.29353067431702 569717518999.465
0.0960000000000009 3.25676993569869 564325984361.902
0.096500000000001 3.21419923968947 557829568646.454
0.0970000000000009 3.16183016679741 549799612482.335
0.097500000000001 3.12031872802863 543486340370.059
0.0980000000000011 3.06255862403191 534567539130.031
0.098500000000001 3.0039902437856 525521769694.62
0.0990000000000009 2.95237458872819 517519696193.984
0.099500000000001 2.89317854257574 508327560766.411
0.100000000000001 2.83635878136937 499273380617.915
0.100500000000001 2.77341596980134 489485661774.917
0.101000000000001 2.70870963055424 479182836584.234
0.101500000000001 2.63570171632952 467684355943.307
0.102000000000001 2.56333880221156 456175944272.824
0.102500000000001 2.49310281110475 444969937092.051
0.103000000000001 2.41683027513504 432642386800.27
0.103500000000001 2.33772141796465 419985809708.757
0.104000000000001 2.26317123509672 408171150972.092
0.104500000000001 2.17759862170458 394216364046.487
0.105000000000001 2.0952232126754 380611722077.312
0.105500000000001 2.01913783982452 368266802442.441
0.106000000000001 1.93136731968967 353844345034.666
0.106500000000001 1.83812206285387 338307115250.949
0.107000000000001 1.75005141574401 323749607806.241
0.107500000000001 1.66168021448383 309023333724.467
0.108000000000001 1.56602340976904 293132116881.622
0.108500000000001 1.47214398462597 277401907902.531
0.109000000000001 1.3857494605671 262708302630.826
0.109500000000001 1.29040743800026 246793761775.557
0.110000000000001 1.20126191302099 231866982056.657
0.110500000000001 1.10720632111218 215596368451.394
0.111000000000001 1.02871693564601 202548496810.211
0.111500000000001 0.949830577522057 189150972865.449
0.112000000000001 0.859503133654825 173827384270.36
0.112500000000001 0.783059933255902 160720060014.651
0.113000000000001 0.722276991795489 150627869763.492
0.113500000000001 0.665723602599056 141042028138.564
0.114000000000001 0.62102178477591 133019962852.614
0.114500000000001 0.585180753696795 126991845637.831
0.115000000000001 0.539589510243949 119627726285.973
0.115500000000001 0.488788421786587 110972252451.222
0.116000000000001 0.436391711921616 102258357332.874
0.116500000000001 0.394880619858017 94792568945.6224
0.117000000000001 0.358463313253973 88413616099.7716
0.117500000000001 0.337625581644769 84994234913.3009
0.118000000000001 0.305370404484729 79155643649.9514
0.118500000000001 0.287861815426187 75958646922.18
0.119000000000001 0.277661913918318 74117303062.7558
0.119500000000001 0.279917931327219 74801813845.2977
0.120000000000001 0.263121507639449 71859316988.0081
0.120500000000001 0.255410374648293 70487073759.3459
0.121000000000001 0.242216034459187 67929211498.7761
0.121500000000001 0.231664022460826 66235722649.1648
0.122000000000001 0.226081529908501 65276015412.412
0.122500000000001 0.22434013024313 64874677046.8877
0.123000000000001 0.219402289239319 63807145825.7773
0.123500000000001 0.204359755409721 61420761726.086
0.124000000000001 0.219473031748965 64096341560.6922
0.124500000000001 0.207681604309543 62185938607.3432
0.125000000000001 0.208582251035427 62413431927.0305
0.125500000000001 0.187972938961207 58505615771.8721
0.126000000000001 0.181066826337732 57256083275.8316
0.126500000000001 0.143232447216436 51190897264.3717
0.127000000000001 0.139120545213514 50200115863.852
0.127500000000001 0.13533511930606 49668320573.4658
0.128000000000001 0.133239410877158 49276834418.6929
0.128500000000001 0.138130702342423 50175408740.0271
0.129000000000001 0.144994842101212 51272787900.2201
0.129500000000001 0.170600602146975 55707307675.6968
0.130000000000001 0.169567899854849 55609041744.4265
0.130500000000001 0.162443184853305 54330715417.114
0.131000000000001 0.157621738892133 53760261213.0054
0.131500000000001 0.175288412650768 56771181094.166
0.132000000000001 0.176143647822934 56807009572.0332
0.132500000000001 0.176450217769627 56758779939.0547
0.133000000000001 0.176170555282726 56661927776.0454
0.133500000000001 0.181981909825339 57530473773.2411
0.134000000000001 0.178616734321255 57309626383.6852
0.134500000000001 0.179210243876772 57345430066.2221
0.135000000000001 0.178531748261102 57258766037.2373
0.135500000000001 0.183487907467835 57809248637.2763
0.136000000000001 0.172542976045043 56016810628.348
0.136500000000001 0.163621836322839 54508481933.3757
0.137000000000001 0.158138672516372 53732052473.7623
0.137500000000001 0.144466710462554 51011836612.1098
0.138000000000001 0.140577849393308 50304704056.5094
0.138500000000001 0.139893059735229 50167433465.1608
0.139000000000001 0.142831806038064 50678070327.1836
0.139500000000001 0.143714592754635 50933417863.2901
0.140000000000001 0.139076709495111 50266012440.4914
0.140500000000001 0.143791193536921 51132798842.6543
0.141000000000001 0.145428281543157 51071598200.9693
0.141500000000001 0.139761316660935 50183251640.2024
0.142000000000001 0.143971148287525 50728612496.9729
0.142500000000001 0.14560886709331 51324729427.4583
0.143000000000001 0.147247644626424 51708030642.0475
0.143500000000001 0.140045475276042 50493272535.6698
0.144000000000001 0.140076873221434 50507692390.4568
0.144500000000001 0.134165467651493 49242378335.6835
0.145000000000001 0.142532974380633 50892195737.3157
0.145500000000001 0.13740953349729 49677786170.014
0.146000000000001 0.137137916580899 49838679039.0838
0.146500000000001 0.118189717885038 46520501968.1631
0.147000000000001 0.123813255716583 47711480920.0079
0.147500000000001 0.12434224729266 47475074456.4203
0.148000000000001 0.133552722812917 49165306965.6253
0.148500000000001 0.140714312346696 50659546396.913
0.149000000000001 0.150709050650086 52206008852.6805
0.149500000000001 0.166296150573631 54965429160.7478
0.150000000000001 0.174293883197685 56295729162.133
0.150500000000001 0.187337660220449 58663733989.5192
0.151000000000001 0.171466990710659 56130245940.5835
0.151500000000001 0.185397320545614 58439802269.5491
0.152000000000001 0.177889190429759 56952452139.7353
0.152500000000001 0.181932178705605 57712736250.7672
0.153000000000001 0.18671306312879 58670526452.2551
0.153500000000001 0.194350973663024 60211826007.5767
0.154000000000001 0.200647767505986 61447995558.4226
0.154500000000001 0.208957360217989 62623300372.2314
0.155000000000001 0.1947827319372 60242561279.7732
0.155500000000001 0.191759228361532 59845070295.6077
0.156000000000001 0.19804778163126 60706890388.985
0.156500000000001 0.188137411718096 59073486377.1902
0.157000000000001 0.197152438536236 60638655424.8408
0.157500000000001 0.179274412049586 57590709040.9824
0.158000000000001 0.17643633667878 56916459933.1437
0.158500000000001 0.172003743854846 56185873774.0089
0.159000000000001 0.178930151149966 57589269045.9232
0.159500000000001 0.170643083852236 55849822659.5265
0.160000000000001 0.184687633011161 58448730969.6522
0.160500000000001 0.1795269800896 57761044298.6581
0.161000000000001 0.186012016388789 58865140712.0151
0.161500000000001 0.187111147342099 59266088750.4746
0.162000000000001 0.186620033616119 59052979180.6029
0.162500000000001 0.188415847646734 59304316022.8181
0.163000000000001 0.193632504851731 60208169530.5862
0.163500000000001 0.201571028750252 61528937675.6654
0.164000000000001 0.199955715499217 61616375557.7179
0.164500000000001 0.205955853262139 62537102658.8155
0.165000000000001 0.194187735854154 60339053438.9916
0.165500000000001 0.210399295631243 63420706227.6008
0.166000000000001 0.211161901138749 63597769131.5105
0.166500000000001 0.211981871266989 63664259072.1681
0.167000000000001 0.21595541325655 64482766742.1557
0.167500000000001 0.222072210040979 65443479336.2257
0.168000000000001 0.226070304403498 66300226223.7686
0.168500000000001 0.233532662295103 67680674759.0257
0.169000000000001 0.247478085493165 70372393487.9897
0.169500000000001 0.249964580086429 70802032788.3937
0.170000000000001 0.249332210125992 70828252590.9489
0.170500000000001 0.250209484061292 70823586261.3023
0.171000000000001 0.250210311533986 70964908739.0317
0.171500000000001 0.252898579572281 71265686912.3359
0.172000000000001 0.262245979085221 73207416481.1631
0.172500000000001 0.238601344402697 68628383444.6292
0.173000000000001 0.247984023485549 70419285762.4245
0.173500000000001 0.229469340296786 67478568687.0726
0.174000000000001 0.236122877042994 68039370112.3823
0.174500000000001 0.226952664348994 66499960197.7007
0.175000000000001 0.227572383641839 66875843958.5195
0.175500000000001 0.221843904760712 66108837722.8557
0.176000000000001 0.220558377566189 65940214346.3398
0.176500000000001 0.218366208325225 65336280665.1892
0.177000000000001 0.223794145386333 66312253663.4207
0.177500000000001 0.22252096150607 66166021068.842
0.178000000000001 0.236641457841859 68526631436.7642
0.178500000000001 0.221382012785537 65833678043.1625
0.179000000000001 0.22766204155043 67191049798.9458
0.179500000000001 0.228109638405517 67166534386.8366
0.180000000000001 0.229583187941272 67411521423.0314
0.180500000000001 0.23839747914953 69144718187.7055
0.181000000000001 0.239263244585307 69229057331.8678
0.181500000000001 0.250488566210071 71446126914.0167
0.182000000000001 0.252869215787189 71929400931.3553
0.182500000000001 0.264091576291518 73833993948.7268
0.183000000000001 0.270313051596368 75430947391.2857
0.183500000000001 0.275662026962436 76469288706.4249
0.184000000000001 0.270792835697901 75370550370.429
0.184500000000001 0.276010257522217 76548472471.9751
0.185000000000001 0.278153685609111 76695653930.4743
0.185500000000001 0.273278634870294 75777163385.7928
0.186000000000001 0.263784395880875 74285969098.2131
0.186500000000001 0.271503896977818 75501114840.3713
0.187000000000001 0.265157129069526 74290556089.7997
0.187500000000001 0.267462008544621 75009557517.0524
0.188000000000001 0.262728802660522 74125952431.2198
0.188500000000001 0.257420131720095 73348200179.2812
0.189000000000001 0.268832478906404 75297520193.8949
0.189500000000001 0.25265287006269 72396745143.9169
0.190000000000001 0.253740349610523 72624505363.8926
0.190500000000001 0.25298027167171 72337791219.6149
0.191000000000001 0.255323039610772 73168622352.7323
0.191500000000001 0.249738433982152 71827439408.4663
0.192000000000001 0.267640752848833 75568411745.3974
0.192500000000001 0.271160074165379 75892264146.052
0.193000000000001 0.282124272035449 78232980350.2785
0.193500000000001 0.275792793980051 76791253027.3066
0.194000000000001 0.275822642640065 77078808710.9971
0.194500000000001 0.272228771649929 76422903934.7005
0.195000000000001 0.268029365475036 75788510717.2349
0.195500000000001 0.273157470061918 76563449409.0419
0.196000000000001 0.269007375138276 75692626976.0992
0.196500000000001 0.278740375416841 77648789273.0889
0.197000000000001 0.290420853219052 79544142656.0961
0.197500000000001 0.28548310136119 78939554398.6415
0.198000000000001 0.278881874854924 77706275679.2843
0.198500000000001 0.282332974262623 78377818387.9527
0.199000000000001 0.298183317654235 81287013131.3231
0.199500000000001 0.288574822178675 79731279273.3315
0.200000000000001 0.304664187476711 82817355606.6044
0.200500000000001 0.303611261662215 82495844626.1477
0.201000000000001 0.302751856630913 82386414657.555
0.201500000000001 0.295537330494334 81219023677.8131
0.202000000000001 0.311993495949066 84147342479.3553
0.202500000000001 0.30956025135337 83747489152.5489
0.203000000000001 0.32323000189027 86274844044.0457
0.203500000000001 0.318881235003667 85930569919.1104
0.204000000000001 0.318229814943606 85648907896.0369
0.204500000000001 0.326600542997484 87124571470.9801
0.205000000000001 0.338333745261367 89567552201.4962
0.205500000000001 0.333715499423496 88863373388.292
0.206000000000001 0.331525663228282 88180803449.1235
0.206500000000001 0.328020676823801 87784631741.336
0.207000000000001 0.335553466757735 89231914494.7877
0.207500000000001 0.334383756008389 89038455340.4715
0.208000000000001 0.336736831950723 89419572614.5351
0.208500000000001 0.347303295522842 91374609950.668
0.209000000000001 0.340625651644041 90516502333.8655
0.209500000000001 0.337806208568996 89755955074.2871
0.210000000000001 0.338112269548399 90157012996.0041
0.210500000000001 0.327176018383652 87950868510.7921
0.211000000000001 0.330388508012069 88785389796.4723
0.211500000000001 0.323125955832905 87279062354.7156
0.212000000000001 0.325985014817501 87984139477.522
0.212500000000001 0.332313827932488 89188771769.9073
0.213000000000001 0.329990289785724 88565378037.6126
0.213500000000001 0.328627213669156 88544356894.7441
0.214000000000001 0.325525807481937 88196350710.918
0.214500000000001 0.31940107869199 87146744140.3557
0.215000000000001 0.305380621101187 84275390777.3176
0.215500000000001 0.300265770320127 83453062350.1969
0.216000000000001 0.299426294908757 83427593416.5173
0.216500000000001 0.288047345481468 81016901981.2917
0.217000000000001 0.288109362397118 81501591900.0824
0.217500000000001 0.281140596901672 79965755334.1182
0.218000000000001 0.293498611143543 82246945170.5902
0.218500000000001 0.278654467639892 79465485405.6362
0.219000000000001 0.28443799132855 80657323668.7725
0.219500000000001 0.283537831738094 80539829273.9573
0.220000000000001 0.301591543833156 84168626135.6302
0.220500000000001 0.297201467947696 83010300323.1369
0.221000000000001 0.291999481332761 82482924774.2903
0.221500000000001 0.287534431801786 81620484529.589
0.222000000000001 0.285242904663959 81211556923.7623
0.222500000000001 0.280822852833749 80599389959.4025
0.223000000000001 0.278438300974363 80051689640.507
0.223500000000001 0.273659547490714 79198783823.3861
0.224000000000001 0.271550149012694 78765969265.49
0.224500000000001 0.265409222570531 77616971982.3108
0.225000000000001 0.25867492423296 76418687324.8986
0.225500000000001 0.255851140463818 75768247158.2242
0.226000000000001 0.260239830538262 76634849431.096
0.226500000000001 0.256786353018498 76110184628.4429
0.227000000000001 0.256274427993532 76146125365.1282
0.227500000000001 0.258865458887975 76655760923.8788
0.228000000000001 0.256646287641984 76186958747.6922
0.228500000000001 0.252355339356076 75533420561.3795
0.229000000000001 0.255448107964251 76032207457.7194
0.229500000000001 0.252639056679173 75990762839.8206
0.230000000000001 0.259148131568728 76603542597.616
0.230500000000001 0.249380636054278 74993499896.6518
0.231000000000001 0.257900298353458 76468304242.3872
0.231500000000001 0.256307304038871 76334981966.0783
0.232000000000001 0.251458802250619 75487009863.7944
0.232500000000001 0.243369862903681 73817419488.4859
0.233000000000001 0.225208234229957 70575415676.0428
0.233500000000001 0.236359741893076 72642078179.9422
0.234000000000001 0.23127533716394 71861069820.0234
0.234500000000001 0.240936051662408 73816665131.3497
0.235000000000001 0.246230638142111 74796149754.1701
0.235500000000001 0.251139666664911 75657636165.9156
0.236000000000001 0.254583652926088 76366070151.7
0.236500000000001 0.260860072679073 77315965316.2288
0.237000000000001 0.264607246073128 78491065932.4867
0.237500000000001 0.270528595881969 79522650990.8288
0.238000000000001 0.268558722637839 79349577186.9324
0.238500000000001 0.271769009686671 79778585245.5219
0.239000000000001 0.270490975068072 79768840894.5222
0.239500000000001 0.265207030190071 78695209825.5338
0.240000000000001 0.274566806928801 80619553516.0682
0.240500000000001 0.282512159220542 81987505658.6599
0.241000000000001 0.273704654666868 80146115731.8833
0.241500000000001 0.267655026600495 79151047626.5012
0.242000000000001 0.273951422984559 80589315693.2202
0.242500000000001 0.275087776934969 80768826554.7969
0.243000000000001 0.281066267342368 81952441472.2854
0.243500000000001 0.26722246575039 79129494060.5431
0.244000000000001 0.267523577630103 79321638797.1592
0.244500000000001 0.259938684500372 78181461090.9598
0.245000000000001 0.264078289765826 79129937941.8615
0.245500000000001 0.26503741895134 79246949588.9935
0.246000000000001 0.267590206217397 79422192539.7101
0.246500000000001 0.270202079303551 80105841590.8663
0.247000000000001 0.279056645867312 82033743632.0315
0.247500000000001 0.268338455980435 79694553700.8646
0.248000000000001 0.277921995771161 81759733306.5358
0.248500000000001 0.27952462647761 82044634998.5474
0.249000000000001 0.27459836897569 81249535184.7498
0.249500000000001 0.277869978461053 81717259749.0677
0.250000000000001 0.263142302095787 78852687252.657
