# Fix print output for fix def1
8.92857154188234e-16 0.00604177015521059 2913676358.53471
0.00050000000000088 0.0369364247151524 7708753790.01298
0.00100000000000087 0.0635767803725833 11851325332.5433
0.00150000000000085 0.0935193178150565 16512631197.9402
0.00200000000000084 0.120423869534248 20710705849.9597
0.00250000000000094 0.149552547178509 25249845790.6752
0.00300000000000081 0.17598899648223 29391721902.5468
0.00350000000000091 0.204488823043133 33830452872.8871
0.00400000000000079 0.22983148766862 37807651630.1071
0.00450000000000089 0.258354097366053 42276408828.6184
0.00500000000000087 0.282487405644765 46053177966.0913
0.00550000000000075 0.312337833782186 50754459398.015
0.00600000000000085 0.335354362933809 54370489085.431
0.00650000000000095 0.364901514464476 59006803971.2588
0.00700000000000082 0.387193250141672 62528706951.6337
0.00750000000000092 0.416910528578375 67209813438.7719
0.00800000000000079 0.440392486804465 70918755160.0091
0.00850000000000089 0.468932068960333 75425297716.1432
0.00900000000000077 0.492516984160707 79145717150.5501
0.00950000000000087 0.519366310325984 83402789367.9371
0.0100000000000007 0.545987245095333 87632263379.5468
0.0105000000000008 0.570834297340374 91568813930.3317
0.0110000000000009 0.598377006413866 95936823953.9383
0.0115000000000008 0.622294842923618 99736402273.6345
0.0120000000000009 0.650356398107573 104213935829.049
0.0125000000000008 0.675230508232697 108161015562.464
0.0130000000000009 0.701245912522079 112315105881.172
0.0135000000000008 0.727539740137589 116520172713.65
0.0140000000000009 0.751334625165463 120313922240.828
0.014500000000001 0.778676020551769 124669815845.753
0.0150000000000008 0.802820949361965 128548636625.975
0.0155000000000009 0.829077770612261 132759379938.192
0.0160000000000008 0.854079515201878 136764793833.917
0.0165000000000009 0.879562255476082 140844222188.758
0.0170000000000008 0.905284260407594 145002531509.016
0.0175000000000009 0.929921120914601 148943820757.071
0.0180000000000008 0.956214630133648 153170204591.806
0.0185000000000009 0.981328140873919 157231306235.456
0.019000000000001 1.00556225757458 161129333256.986
0.0195000000000008 1.03084938797003 165202904165.488
0.0200000000000009 1.05695595273 169449164448.755
0.0205000000000008 1.08081111903304 173294411773.928
0.0210000000000009 1.10596963271785 177343034053.458
0.0215000000000008 1.13152245137674 181522565974.997
0.0220000000000009 1.15549660190221 185394033434.167
0.0225000000000007 1.18069484765598 189490475406.07
0.0230000000000008 1.20587984691986 193584725034.21
0.0235000000000009 1.23091884338379 197661712852.803
0.0240000000000008 1.25384343023169 201404711037.093
0.0245000000000009 1.27829462509284 205401004289.157
0.0250000000000008 1.30274315478156 209387318367.207
0.0255000000000009 1.32685916023786 213339469203.62
0.0260000000000008 1.35003948121324 217128604251.332
0.0265000000000009 1.37515730551809 221219134019.072
0.027000000000001 1.39976554534432 225271205495.93
0.0275000000000008 1.42357253897971 229182682181.113
0.0280000000000009 1.44920792009596 233379162275.83
0.0285000000000008 1.47294766160033 237280772161.361
0.0290000000000009 1.49610861972777 241098351048.427
0.0295000000000008 1.52030929143324 245097217188.586
0.0300000000000009 1.5457426802613 249266938866.36
0.0305000000000008 1.5686436831391 253059032363.003
0.0310000000000009 1.59205828754256 256941394920.571
0.031500000000001 1.61628240370764 260943415753.83
0.0320000000000008 1.63969505759627 264820436782.732
0.0325000000000009 1.66244163017462 268582785777.351
0.0330000000000008 1.6858346733527 272471176942.283
0.0335000000000009 1.70976241867139 276439440155.867
0.034000000000001 1.73298936252675 280312118107.276
0.0345000000000009 1.75529732685471 284029042059.642
0.0350000000000008 1.77911032559304 287983427264.148
0.0355000000000009 1.80155410094146 291742318855.269
0.036000000000001 1.82394534593654 295488735843.625
0.0365000000000008 1.84669285610813 299293027991.821
0.0370000000000009 1.87014175925919 303212282128.349
0.037500000000001 1.89288742601015 307027127128.525
0.0380000000000009 1.91617186774903 310921132669.673
0.0385000000000008 1.93909846135083 314775004930.962
0.0390000000000009 1.96156200896314 318547691058.781
0.039500000000001 1.98371185820165 322276605000.194
0.0400000000000008 2.00703645679832 326199561400.11
0.0405000000000009 2.02881338010364 329867859461.964
0.041000000000001 2.05173186583853 333733025122.078
0.0415000000000009 2.07338617775142 337406043233.496
0.0420000000000008 2.09408329745684 340914177310.857
0.0425000000000009 2.11567214909258 344563213233.537
0.043000000000001 2.13784709445471 348340352982.832
0.0435000000000009 2.15938273685822 351984037180.477
0.044000000000001 2.18064345904334 355608518871.912
0.0445000000000011 2.20108910718293 359090603274.86
0.0450000000000009 2.22258505039756 362744065485.699
0.0455000000000008 2.24452863225959 366487374170.654
0.0460000000000009 2.26632350552619 370199781122.096
0.046500000000001 2.28712668066287 373762498575.358
0.0470000000000009 2.30761354698936 377283136929.136
0.0475000000000008 2.32882853028022 380916497474.367
0.0480000000000009 2.34974239428302 384477532741.327
0.048500000000001 2.37153302098232 388209297980.307
0.0490000000000008 2.39319241421879 391916721655.184
0.0495000000000009 2.41507162469448 395674736124.593
0.050000000000001 2.43583404880224 399255539355.472
0.0505000000000009 2.45778019925498 403044594400.967
0.0510000000000008 2.47796204338726 406517634901.147
0.0515000000000009 2.49931239417626 410187350633.468
0.052000000000001 2.51901289017365 413605891280.995
0.0525000000000009 2.53995983297204 417217231262.495
0.053000000000001 2.56075330818715 420832159294.343
0.0535000000000011 2.58140116597328 424409100628.363
0.0540000000000009 2.6017599507897 427931429812.112
0.0545000000000008 2.62149000634421 431368928631.68
0.0550000000000009 2.64154197313127 434854379008.199
0.055500000000001 2.6613301140645 438310638883.749
0.0560000000000009 2.68218608002878 441933155161.873
0.056500000000001 2.70283200711407 445546441973.105
0.0570000000000011 2.72277901491586 449036048694.669
0.0575000000000009 2.74259679619475 452493605737.331
0.0580000000000008 2.76323881083866 456102146875.157
0.0585000000000009 2.78326642766283 459606756772.131
0.059000000000001 2.80342685719823 463134570457.433
0.0595000000000009 2.82291378520206 466553478349.579
0.0600000000000008 2.84287666413046 470060553412.142
0.0605000000000009 2.86279338571311 473562363592.226
0.061000000000001 2.88196639506844 476951063501.714
0.0615000000000008 2.90197221285033 480468457107.846
0.0620000000000009 2.92168182609789 483948828322.131
0.062500000000001 2.94006686465366 487210508808.062
0.0630000000000009 2.95965319929597 490667471369.352
0.0635000000000008 2.97902640294981 494100973321.021
0.0640000000000009 2.99773719968634 497422897534.808
0.064500000000001 3.016839361771 500826954794.402
0.0650000000000009 3.03489054278887 504045039573.025
0.065500000000001 3.05413398613023 507453096684.072
0.0660000000000011 3.07271360239471 510775295111.122
0.0665000000000009 3.09199117560868 514219435502.747
0.0670000000000008 3.11001219150207 517450070841.858
0.0675000000000009 3.12981794194295 520960911768.115
0.068000000000001 3.14848790834765 524296312091.804
0.0685000000000009 3.16812536860766 527815069725.836
0.069000000000001 3.18677038569932 531139178071.942
0.0695000000000011 3.20588579804147 534555743268.443
0.070000000000001 3.22453515780218 537910833094.851
0.0705000000000008 3.24253994143575 541153461608.765
0.0710000000000009 3.26022075070384 544364617718.03
0.071500000000001 3.27799812993112 547571682536.337
0.0720000000000009 3.29629053324673 550865820745.708
0.0725000000000008 3.31387851906552 554040515815.025
0.0730000000000011 3.33219160320592 557363516123.419
0.073500000000001 3.350894351588 560755491340.771
0.0740000000000008 3.36828065264696 563901296978.33
0.074500000000001 3.38612058891793 567131184973.22
0.0750000000000011 3.40447908107092 570473345367.131
0.0755000000000009 3.42187685102755 573624739303.466
0.0760000000000008 3.43972084079584 576897383001.943
0.0765000000000011 3.45837897963435 580268809475.314
0.077000000000001 3.4760627324547 583499316457.947
0.0775000000000009 3.49402812968358 586782090823.706
0.078000000000001 3.51170862778582 589999451953.672
0.0785000000000011 3.52946430518166 593258228727.038
0.0790000000000009 3.54723644283208 596510182218.713
0.0795000000000008 3.56434283450545 599643128590.747
0.0800000000000009 3.58295990222001 603051510005.864
0.080500000000001 3.60116087621682 606379405753.229
0.0810000000000009 3.61763626167205 609432619838.079
0.081500000000001 3.63494663872773 612612765118.739
0.0820000000000011 3.65049294390982 615553125655.738
0.082500000000001 3.66461980074125 618242824775.706
0.0830000000000008 3.67894540292801 621032456500.428
0.0835000000000009 3.69022376785988 623274634160.981
0.084000000000001 3.69926083418322 625239328352.12
0.0845000000000009 3.70673616136519 626763111934.891
0.085000000000001 3.71548033388381 628623991560.392
0.0855000000000011 3.72212429786575 630109775313.116
0.086000000000001 3.72623537453974 631235553649.274
0.0865000000000009 3.72943104256515 632200032869.621
0.087000000000001 3.72922358685789 632610455044.201
0.087500000000001 3.72659994793606 632670896953.234
0.0880000000000009 3.72257944096986 632477433294.7
0.0885000000000008 3.72247964534787 632869315976.164
0.0890000000000009 3.71909746996835 632748729694.318
0.089500000000001 3.71667754272159 632696345433.928
0.0900000000000009 3.71217962460413 632402173588.978
0.090500000000001 3.70322377999003 631447322482.368
0.0910000000000011 3.69221870218396 630068769381.912
0.0915000000000009 3.67743275989325 628189166581.514
0.0920000000000008 3.66587507782012 626657337413.014
0.0925000000000009 3.65210615559219 624973001123.31
0.093000000000001 3.63357948209279 622478425470.652
0.0935000000000009 3.61005951408905 619179493059.34
0.094000000000001 3.58964119875115 616428046984.772
0.0945000000000011 3.56619243346334 613120642891.907
0.095000000000001 3.54016200709647 609359783889.38
0.0955000000000008 3.51325166475788 605467464025.443
0.0960000000000009 3.49324220303661 602661107528.837
0.096500000000001 3.46000189227897 597734967758.825
0.0970000000000009 3.42693644024738 592881046492.834
0.097500000000001 3.37978767959351 585696383306.553
0.0980000000000011 3.34274500873706 580106029931.62
0.098500000000001 3.30802397580413 574959951835.483
0.0990000000000009 3.26451241192918 568286969237.726
0.099500000000001 3.22264628637734 561881466952.041
0.100000000000001 3.1807598629797 555542586409.706
0.100500000000001 3.12951070758088 547642898815.02
0.101000000000001 3.07359069745445 538865800918.588
0.101500000000001 3.01641673837859 530275755219.941
0.102000000000001 2.95165470302355 520066548631.595
0.102500000000001 2.88472475952711 509735393488.865
0.103000000000001 2.82089413058856 499724193741.798
0.103500000000001 2.74429501719369 487919130423.202
0.104000000000001 2.66270032143073 475012022347.531
0.104500000000001 2.57630204896682 461356739566.755
0.105000000000001 2.49040065045811 447501990085.226
0.105500000000001 2.40239953397648 433575346729.692
0.106000000000001 2.31300435951829 419077660342.086
0.106500000000001 2.21673675251349 403493807594.715
0.107000000000001 2.11917003439898 387619616398.044
0.107500000000001 2.01728278754206 370925416692.43
0.108000000000001 1.91334273830168 353881738917.462
0.108500000000001 1.80991087518732 336870452741.802
0.109000000000001 1.71912217854243 321551850712.386
0.109500000000001 1.60862464845901 303124291336.938
0.110000000000001 1.52094171891798 288381409701.695
0.110500000000001 1.41858059604549 271056019708.443
0.111000000000001 1.31946558406023 254085870011.574
0.111500000000001 1.22841082016018 238937539912.71
0.112000000000001 1.123723574157 221416930924.959
0.112500000000001 1.02757458157346 205106239102.612
0.113000000000001 0.94705206068788 191040621078.27
0.113500000000001 0.853796750511109 175168365800.48
0.114000000000001 0.7737550669571 161470597138.278
0.114500000000001 0.705597291259061 149970484779.764
0.115000000000001 0.65159859347275 140650325294.422
0.115500000000001 0.592648283330045 130299057361.022
0.116000000000001 0.549399997893777 123123515625.417
0.116500000000001 0.509367805882244 115693946000.834
0.117000000000001 0.485482316406297 111635935500.502
0.117500000000001 0.457004104410986 106622033711.301
0.118000000000001 0.434641783049275 102794223350.885
0.118500000000001 0.392667071997228 96097888329.5805
0.119000000000001 0.369766021480901 92193168705.0749
0.119500000000001 0.343616553015582 87559540161.2787
0.120000000000001 0.330105918101376 85176964644.2801
0.120500000000001 0.298373031776597 79526739168.4847
0.121000000000001 0.271052881805462 74677590102.6077
0.121500000000001 0.248596217337093 70924976276.0046
0.122000000000001 0.234388247691971 68241231688.0722
0.122500000000001 0.217909802175173 65161830909.7125
0.123000000000001 0.211059073380643 63838042489.202
0.123500000000001 0.184488527382325 59028239603.816
0.124000000000001 0.179068864990218 58219217249.8098
0.124500000000001 0.170294997186878 56308129858.2414
0.125000000000001 0.167204700952146 55899920461.2784
0.125500000000001 0.158396107434592 54032082595.0843
0.126000000000001 0.169122625958056 55668764993.1394
0.126500000000001 0.156465047009059 53612175451.5741
0.127000000000001 0.138136656291223 50568778074.4665
0.127500000000001 0.149536276931061 52323274696.2372
0.128000000000001 0.13403819001905 49757559751.6372
0.128500000000001 0.130537631909673 49188855947.7848
0.129000000000001 0.128502451115828 48448556761.3913
0.129500000000001 0.124989748108012 47834084767.4275
0.130000000000001 0.130372916780602 48370560440.8663
0.130500000000001 0.117932055112301 46435690762.3269
0.131000000000001 0.125810942476669 47653808203.8439
0.131500000000001 0.115359680198881 45675338891.0501
0.132000000000001 0.124538681377371 47348248418.0362
0.132500000000001 0.124503259313466 47298334153.138
0.133000000000001 0.12257360117299 46896415057.9466
0.133500000000001 0.127557900287587 47442501952.8364
0.134000000000001 0.131790641197422 48491556187.7869
0.134500000000001 0.137689518156428 49336808782.6244
0.135000000000001 0.144218871882061 50364370142.9359
0.135500000000001 0.144939994370914 50409554697.5384
0.136000000000001 0.135147700793814 48570703901.5488
0.136500000000001 0.130660726233226 47815199546.2089
0.137000000000001 0.121665884837579 46675928892.0087
0.137500000000001 0.121575262274692 46445408957.3864
0.138000000000001 0.116644948651857 45646539724.9989
0.138500000000001 0.113155502259582 44759452509.2752
0.139000000000001 0.113714803849693 44813304381.1244
0.139500000000001 0.112312863153831 44771235432.8133
0.140000000000001 0.0961929292525307 41761385691.5604
0.140500000000001 0.100165878531424 42502105847.642
0.141000000000001 0.0856944506469716 39879721966.0299
0.141500000000001 0.102276790790945 42782501869.8298
0.142000000000001 0.102719016029592 42949927147.879
0.142500000000001 0.108526501131412 43670361040.2439
0.143000000000001 0.119053100432324 45782349289.005
0.143500000000001 0.135542736081099 48673805225.0583
0.144000000000001 0.139182698151689 49280683967.989
0.144500000000001 0.136115472752609 49030205236.5827
0.145000000000001 0.141939495486406 49772890562.2819
0.145500000000001 0.136437804605608 48793488039.2907
0.146000000000001 0.13945132655687 49440008648.3321
0.146500000000001 0.139898883124023 49452252051.0973
0.147000000000001 0.147742818052377 51005508998.3559
0.147500000000001 0.144755482114299 50164440430.6771
0.148000000000001 0.136692355878876 48923282020.1392
0.148500000000001 0.147325141346215 50977745812.0636
0.149000000000001 0.134843037689501 48487840102.6605
0.149500000000001 0.14245031486864 49672037972.8766
0.150000000000001 0.128403821167423 47444887735.1458
0.150500000000001 0.138193341066979 49002157595.0222
0.151000000000001 0.125200501933714 46951053347.3098
0.151500000000001 0.132985976567723 48223804158.3634
0.152000000000001 0.126726606691877 47192838562.8371
0.152500000000001 0.126953563126948 47293956436.719
0.153000000000001 0.136528132091149 48993956256.1886
0.153500000000001 0.137609914534555 49167723774.2986
0.154000000000001 0.124972639075437 46959013578.5827
0.154500000000001 0.130581835711195 47944906005.0971
0.155000000000001 0.13581336950049 48657424726.7799
0.155500000000001 0.140869027262739 49754012623.4439
0.156000000000001 0.147949705589303 51128337311.6683
0.156500000000001 0.14691000991068 51070999858.7826
0.157000000000001 0.159604182211784 53122036114.5505
0.157500000000001 0.164036126352407 54104946220.556
0.158000000000001 0.177029907545955 56349264352.6829
0.158500000000001 0.181520932258929 57274886169.1174
0.159000000000001 0.186904966194277 58303163567.6041
0.159500000000001 0.192600897513807 59410090543.7997
0.160000000000001 0.17370395886718 55763937863.7168
0.160500000000001 0.173948060417678 55885855604.0613
0.161000000000001 0.172093523478042 55557476647.7992
0.161500000000001 0.170258424624077 55448312966.7875
0.162000000000001 0.178802619717437 56930925090.224
0.162500000000001 0.1783732666496 57007896833.1886
0.163000000000001 0.180185281959593 57118045747.8737
0.163500000000001 0.186736220533491 58659093496.8793
0.164000000000001 0.177525355015567 56804361952.6453
0.164500000000001 0.177696832556505 56730084386.6859
0.165000000000001 0.164834600773043 54602874031.942
0.165500000000001 0.157124290881569 53289872501.4493
0.166000000000001 0.156849439687661 53103518395.3101
0.166500000000001 0.157950622527713 53533437297.6486
0.167000000000001 0.161349501657762 54169862910.2814
0.167500000000001 0.168190175786383 55342073485.3526
0.168000000000001 0.179444113694134 57251038438.9834
0.168500000000001 0.17309180202085 56334659526.5599
0.169000000000001 0.187859454534995 59079213016.7104
0.169500000000001 0.189975503913816 59131804845.2181
0.170000000000001 0.181926837947007 57939472013.6305
0.170500000000001 0.19307403281137 59958214322.2823
0.171000000000001 0.193805903123111 60057634213.1504
0.171500000000001 0.18840659638752 59093974819.7145
0.172000000000001 0.195246197582355 60359185500.7921
0.172500000000001 0.199692120210638 60959389892.1901
0.173000000000001 0.201726881878197 61714729375.0965
0.173500000000001 0.198539049633427 60940879671.3155
0.174000000000001 0.203763603782471 61980795817.0859
0.174500000000001 0.198914021875145 61034444952.7608
0.175000000000001 0.207790054200749 62695334462.9187
0.175500000000001 0.228209168343299 66647466529.5593
0.176000000000001 0.227965629203572 66533923902.1574
0.176500000000001 0.242466005234961 69090288946.6804
0.177000000000001 0.241602219150985 68999630495.0779
0.177500000000001 0.245462835834799 69978159466.1462
0.178000000000001 0.252368163952293 71196004651.5717
0.178500000000001 0.243743446724333 69765238475.4843
0.179000000000001 0.253581774768731 71406450225.0255
0.179500000000001 0.237030505653283 68529830389.8446
0.180000000000001 0.240960353954981 69274873813.5165
0.180500000000001 0.236413037291346 68393150662.7217
0.181000000000001 0.238864440285744 68775095892.9459
0.181500000000001 0.226618982880291 66688510527.6662
0.182000000000001 0.229498878139398 67027172489.3931
0.182500000000001 0.232088113167762 67474749225.4664
0.183000000000001 0.236696347763832 68528782087.4519
0.183500000000001 0.243031217818792 69501341542.1292
0.184000000000001 0.231696709015668 67614392566.5519
0.184500000000001 0.226960063610347 66923646766.6349
0.185000000000001 0.216451023210138 64715349565.8966
0.185500000000001 0.2099183241496 63474425340.5908
0.186000000000001 0.212794128991768 64141267049.0512
0.186500000000001 0.207000797058565 63243295267.3422
0.187000000000001 0.208729766624698 63420654737.4384
0.187500000000001 0.21693847364528 64951236301.3815
0.188000000000001 0.208390192236705 63379228808.1692
0.188500000000001 0.230483303545804 67555593013.8134
0.189000000000001 0.228770306728438 67267196378.652
0.189500000000001 0.235018781230203 68433126205.2717
0.190000000000001 0.240136705736626 69653901323.7116
0.190500000000001 0.242427365218976 70146835201.0009
0.191000000000001 0.254788900226959 72464356047.2404
0.191500000000001 0.249797575591941 71316955948.9626
0.192000000000001 0.235226259332316 68936742844.8992
0.192500000000001 0.227969792013079 67278946911.0854
0.193000000000001 0.227416972477742 67527611047.9963
0.193500000000001 0.229148844112569 67646501640.9789
0.194000000000001 0.236826012866315 69373425178.9234
0.194500000000001 0.221701133020966 66604007596.3804
0.195000000000001 0.227647139605817 67413187545.583
0.195500000000001 0.216522767042606 65276297057.256
0.196000000000001 0.204212459503114 63437252561.5314
0.196500000000001 0.209369225370886 64400280386.4339
0.197000000000001 0.201599356902969 62713668332.1222
0.197500000000001 0.207592687539712 63891642273.4646
0.198000000000001 0.215087953432361 65289777123.056
0.198500000000001 0.214197105823297 65239938239.9714
0.199000000000001 0.213343370284058 65145080652.241
0.199500000000001 0.20764991111219 64061464992.8133
0.200000000000001 0.216872737771962 65979882038.4441
0.200500000000001 0.217403220875823 65893916979.2207
0.201000000000001 0.219190439382966 66185295951.151
0.201500000000001 0.219535311973206 66515151468.5379
0.202000000000001 0.212396516159436 64954295924.1452
0.202500000000001 0.207962521344108 64470792772.5406
0.203000000000001 0.212943477659982 65292983102.8125
0.203500000000001 0.209247909516284 64590299929.0909
0.204000000000001 0.209563502106874 64608374031.9913
0.204500000000001 0.218501596000048 66506162259.6199
0.205000000000001 0.221175316579841 67090884733.9258
0.205500000000001 0.221892533548237 67122558534.3509
0.206000000000001 0.231605619688179 68709214763.5309
0.206500000000001 0.243814903461803 71326614147.5126
0.207000000000001 0.24844814130355 72367242632.485
0.207500000000001 0.247196716159018 72081292547.1887
0.208000000000001 0.248452206776461 72130864724.4721
0.208500000000001 0.249668617948107 72735749656.9598
0.209000000000001 0.252292407817949 73058565820.4231
0.209500000000001 0.254760346647271 73398169723.3337
0.210000000000001 0.245356277490698 71945364792.3407
0.210500000000001 0.242746185505354 71301700319.5365
0.211000000000001 0.25233606376215 72783336329.5196
0.211500000000001 0.247176190528033 72399822459.1959
0.212000000000001 0.251641509485111 73073139722.9013
0.212500000000001 0.237040831172376 70510418183.3755
0.213000000000001 0.251128777004577 73086971807.3491
0.213500000000001 0.2609275166805 74924637284.1776
0.214000000000001 0.248699900939898 72571660336.8297
0.214500000000001 0.233855847247405 70009054200.0757
0.215000000000001 0.241806282263834 71502799253.6225
0.215500000000001 0.24783884071335 72824740186.9964
0.216000000000001 0.251019217452342 73341476355.8783
0.216500000000001 0.247083954086616 72780792503.5387
0.217000000000001 0.25659358220074 74311313697.2807
0.217500000000001 0.252490496727292 73852107703.5968
0.218000000000001 0.259642766420005 75210172961.0229
0.218500000000001 0.255470282563212 74491549818.487
0.219000000000001 0.269680807415076 77099257533.4058
0.219500000000001 0.259616010584253 75257438431.5401
0.220000000000001 0.270021606069163 77346914896.5044
0.220500000000001 0.263607482185042 76124453700.8225
0.221000000000001 0.26212471394475 75729061451.0784
0.221500000000001 0.265374702996504 76377676860.638
0.222000000000001 0.266373722824268 76634637613.9958
0.222500000000001 0.257555140186757 75032637743.8099
0.223000000000001 0.262303131304149 75927425398.6361
0.223500000000001 0.262669181615573 76043492069.2336
0.224000000000001 0.265752310645027 76851469329.8683
0.224500000000001 0.255186796527789 74394791414.659
0.225000000000001 0.255638383192013 74735246951.4471
0.225500000000001 0.264392828683361 76423516066.8496
0.226000000000001 0.264684931384873 76337567416.8913
0.226500000000001 0.264356007847554 76561734625.3925
0.227000000000001 0.272786672289148 78248658806.1754
0.227500000000001 0.271951497880158 78045608110.6713
0.228000000000001 0.269403894575218 77628054611.4801
0.228500000000001 0.275059588224231 78799143697.4704
0.229000000000001 0.260401442329114 75840871242.7702
0.229500000000001 0.255178231895089 74999125251.5743
0.230000000000001 0.26034172907643 75831500575.3509
0.230500000000001 0.254521322088017 74935313540.0542
0.231000000000001 0.250392640404869 74331851516.1084
0.231500000000001 0.255058793848183 75084726151.8833
0.232000000000001 0.262643253606551 76536022008.3765
0.232500000000001 0.266387283925355 77114655870.782
0.233000000000001 0.257242685745996 75515830493.2252
0.233500000000001 0.262637966134248 76833983052.4384
0.234000000000001 0.262205926586574 76501885645.7544
0.234500000000001 0.268033409862272 77826514470.7397
0.235000000000001 0.272365585472434 78662006846.9221
0.235500000000001 0.27083066120583 78472175123.334
0.236000000000001 0.274551992674215 78918656397.0309
0.236500000000001 0.277773985867277 79755143926.8003
0.237000000000001 0.278742203317777 80034999133.8511
0.237500000000001 0.279506249303663 80141093957.1475
0.238000000000001 0.290856157945014 82291741527.2892
0.238500000000001 0.284005384888413 81161670630.7818
0.239000000000001 0.292408420468668 82815305951.5305
0.239500000000001 0.29297706727568 82611923535.3237
0.240000000000001 0.293806787620383 83159785052.3902
0.240500000000001 0.298079111172723 83948973121.1909
0.241000000000001 0.307508269506186 85884677330.4319
0.241500000000001 0.304727785118664 85287878625.1883
0.242000000000001 0.306872533833082 86016188093.524
0.242500000000001 0.304463809828966 85414152692.184
0.243000000000001 0.308897609641289 86241049578.7113
0.243500000000001 0.304687128090826 85534738542.9142
0.244000000000001 0.303177096801023 85097544506.1982
0.244500000000001 0.296424339603511 84122156166.7003
0.245000000000001 0.29625042974913 83744754682.8063
0.245500000000001 0.294615491524415 83541709316.8231
0.246000000000001 0.304543496298329 85655549745.1118
0.246500000000001 0.293479755836301 83573684336.2228
0.247000000000001 0.294148884604859 83842636917.3042
0.247500000000001 0.297047462290731 84537654560.6102
0.248000000000001 0.294264878919726 83997298708.1108
0.248500000000001 0.304505240711555 86074587615.3586
0.249000000000001 0.305763651073955 86579407045.2776
0.249500000000001 0.314751742089943 88280727736.1651
0.250000000000001 0.325129252333052 90056294659.9097
